#	startTime:1574216349363
#	SiteID:5dbc1d84c1eb61796cf7c010	SiteName:杭州大悦城	FloorId:5dbc1d84c1eb61796cf7c016	FloorName:F6
#	Brand:OPPO	Model:PBCM10	AndroidName:8.1.0	APILevel:27	
#	type:1	name:BMI160 Accelerometer	version:2062600	vendor:BOSCH	resolution:0.0023956299	power:0.18	maximumRange:39.22661
#	type:4	name:BMI160 Gyroscope	version:2062600	vendor:BOSCH	resolution:0.0010681152	power:0.9	maximumRange:34.906586
#	type:2	name:AK09911 Magnetometer	version:1	vendor:AKM	resolution:0.5996704	power:2.4	maximumRange:4911.9995
#	type:35	name:BMI160 Accelerometer Uncalibrated	version:2062600	vendor:BOSCH	resolution:0.0023956299	power:0.18	maximumRange:39.22661
#	type:16	name:BMI160 Gyroscope Uncalibrated	version:2062600	vendor:BOSCH	resolution:0.0010681152	power:0.9	maximumRange:34.906586
#	type:14	name:AK09911 Magnetometer Uncalibrated	version:1	vendor:AKM	resolution:0.5996704	power:2.4	maximumRange:4911.9995
#	VersionName:v20191105-nightly-16-gcd7805b	VersionCode:403	
1574216349375	TYPE_DIST1	2.3666382	0.6713867	-6.855774
1574216349375	TYPE_DIST2	0.9641524	0.96967983	1.0734781
1574216349379	TYPE_WAYPOINT	128.08507	185.78438
1574216349438	TYPE_SENSOR_MAGNETIC_FIELD_ACCURACY_CHANGED	3
1574216349494	TYPE_ACCELEROMETER	-0.023635864	1.1779175	14.617905	2
1574216349494	TYPE_MAGNETIC_FIELD	-30.215454	-12.95929	-44.496155	3
1574216349494	TYPE_GYROSCOPE	-0.5743561	-0.212677	-0.1998291	3
1574216349494	TYPE_ROTATION_VECTOR	0.031309642	-0.03094479	-0.80260706	3
1574216349494	TYPE_MAGNETIC_FIELD_UNCALIBRATED	-95.043945	-142.21802	-338.50708	-64.82849	-129.25873	-294.01093	3
1574216349494	TYPE_GYROSCOPE_UNCALIBRATED	-0.5751343	-0.21290588	-0.1993866	-7.7819824E-4	-2.2888184E-4	4.4250488E-4	3
1574216349494	TYPE_ACCELEROMETER_UNCALIBRATED	0.011672974	1.3622742	14.28392	0.0	0.0	0.0	3
1574216349514	TYPE_ACCELEROMETER	-0.43424988	0.4572754	15.8263855	2
1574216349514	TYPE_MAGNETIC_FIELD	-29.52118	-15.040588	-42.486572	3
1574216349514	TYPE_GYROSCOPE	-0.57595825	-0.21960449	-0.2775879	3
1574216349514	TYPE_ROTATION_VECTOR	0.024516715	-0.022029039	-0.80872995	3
1574216349514	TYPE_MAGNETIC_FIELD_UNCALIBRATED	-94.34967	-144.29932	-336.4975	-64.82849	-129.25873	-294.01093	3
1574216349514	TYPE_GYROSCOPE_UNCALIBRATED	-0.57673645	-0.21983337	-0.2771454	-7.7819824E-4	-2.2888184E-4	4.4250488E-4	3
1574216349514	TYPE_ACCELEROMETER_UNCALIBRATED	-0.17028809	0.8128052	15.077591	0.0	0.0	0.0	3
1574216349534	TYPE_ACCELEROMETER	-0.9897003	0.022720337	17.459824	2
1574216349534	TYPE_MAGNETIC_FIELD	-30.909729	-14.347839	-43.156433	3
1574216349534	TYPE_GYROSCOPE	-0.50671387	-0.24890137	-0.26905823	3
1574216349534	TYPE_ROTATION_VECTOR	0.024516715	-0.022029039	-0.80872995	3
1574216349534	TYPE_MAGNETIC_FIELD_UNCALIBRATED	-95.73822	-143.60657	-337.16736	-64.82849	-129.25873	-294.01093	3
1574216349534	TYPE_GYROSCOPE_UNCALIBRATED	-0.57673645	-0.21983337	-0.2771454	-7.7819824E-4	-2.2888184E-4	4.4250488E-4	3
1574216349534	TYPE_ACCELEROMETER_UNCALIBRATED	-0.7197571	0.18432617	16.768494	0.0	0.0	0.0	3
1574216349554	TYPE_ACCELEROMETER	-1.3482361	-0.088012695	17.390396	2
1574216349554	TYPE_MAGNETIC_FIELD	-30.909729	-13.653564	-45.16754	3
1574216349554	TYPE_GYROSCOPE	-0.14878845	-0.18179321	-0.23657227	3
1574216349554	TYPE_ROTATION_VECTOR	0.02008569	-0.0057347384	-0.81667966	3
1574216349554	TYPE_MAGNETIC_FIELD_UNCALIBRATED	-95.73822	-142.9123	-339.17847	-64.82849	-129.25873	-294.01093	3
1574216349554	TYPE_GYROSCOPE_UNCALIBRATED	-0.14956665	-0.1820221	-0.23612976	-7.7819824E-4	-2.2888184E-4	4.4250488E-4	3
1574216349554	TYPE_ACCELEROMETER_UNCALIBRATED	-1.2422943	-0.03413391	17.62622	0.0	0.0	0.0	3
1574216349574	TYPE_ACCELEROMETER	-1.0046692	-0.16104126	16.208252	2
1574216349574	TYPE_MAGNETIC_FIELD	-29.52118	-13.653564	-43.826294	3
1574216349574	TYPE_GYROSCOPE	0.3060913	-0.09550476	-0.2706604	3
1574216349574	TYPE_ROTATION_VECTOR	0.022594977	-0.0032707935	-0.81985414	3
1574216349574	TYPE_MAGNETIC_FIELD_UNCALIBRATED	-94.34967	-142.9123	-337.83722	-64.82849	-129.25873	-294.01093	3
1574216349574	TYPE_GYROSCOPE_UNCALIBRATED	0.3053131	-0.09573364	-0.2702179	-7.7819824E-4	-2.2888184E-4	4.4250488E-4	3
1574216349574	TYPE_ACCELEROMETER_UNCALIBRATED	-1.2626343	-0.12631226	16.97261	0.0	0.0	0.0	3
1574216349594	TYPE_ACCELEROMETER	-0.5354004	-0.539917	14.014572	2
1574216349594	TYPE_MAGNETIC_FIELD	-28.82843	-15.040588	-42.486572	3
1574216349594	TYPE_GYROSCOPE	0.47706604	-0.19670105	-0.35960388	3
1574216349594	TYPE_ROTATION_VECTOR	0.021700168	-0.00464288	-0.8249733	3
1574216349594	TYPE_MAGNETIC_FIELD_UNCALIBRATED	-93.65692	-144.29932	-336.4975	-64.82849	-129.25873	-294.01093	3
1574216349594	TYPE_GYROSCOPE_UNCALIBRATED	0.47628784	-0.19692993	-0.35916138	-7.7819824E-4	-2.2888184E-4	4.4250488E-4	3
1574216349594	TYPE_ACCELEROMETER_UNCALIBRATED	-0.6916199	-0.31066895	15.020737	0.0	0.0	0.0	3
1574216349614	TYPE_ACCELEROMETER	-0.46298218	-0.70332336	13.210129	2
1574216349614	TYPE_MAGNETIC_FIELD	-29.52118	-15.040588	-43.156433	3
1574216349614	TYPE_GYROSCOPE	0.46002197	-0.34797668	-0.4197998	3
1574216349614	TYPE_ROTATION_VECTOR	0.019445742	-0.0065764138	-0.83026034	3
1574216349614	TYPE_MAGNETIC_FIELD_UNCALIBRATED	-94.34967	-144.29932	-337.16736	-64.82849	-129.25873	-294.01093	3
1574216349614	TYPE_GYROSCOPE_UNCALIBRATED	0.45924377	-0.34820557	-0.4193573	-7.7819824E-4	-2.2888184E-4	4.4250488E-4	3
1574216349614	TYPE_ACCELEROMETER_UNCALIBRATED	-0.50009155	-0.67459106	13.5099945	0.0	0.0	0.0	3
1574216349633	TYPE_ACCELEROMETER	-0.18644714	-0.7464142	12.203354	2
1574216349633	TYPE_MAGNETIC_FIELD	-30.215454	-15.734863	-42.486572	3
1574216349633	TYPE_GYROSCOPE	0.66934204	-0.3021698	-0.41020203	3
1574216349633	TYPE_ROTATION_VECTOR	0.0182311	-0.010450618	-0.8353867	3
1574216349633	TYPE_MAGNETIC_FIELD_UNCALIBRATED	-95.043945	-144.99359	-336.4975	-64.82849	-129.25873	-294.01093	3
1574216349633	TYPE_GYROSCOPE_UNCALIBRATED	0.66856384	-0.30239868	-0.40975952	-7.7819824E-4	-2.2888184E-4	4.4250488E-4	3
1574216349633	TYPE_ACCELEROMETER_UNCALIBRATED	-0.35464478	-0.7368469	12.804901	0.0	0.0	0.0	3
1574216349653	TYPE_ACCELEROMETER	0.19244385	-0.7775421	10.515442	2
1574216349653	TYPE_MAGNETIC_FIELD	-29.52118	-16.429138	-41.815186	3
1574216349653	TYPE_GYROSCOPE	0.907959	-0.24517822	-0.37825012	3
1574216349653	TYPE_ROTATION_VECTOR	0.018052172	-0.01653352	-0.84036106	3
1574216349653	TYPE_MAGNETIC_FIELD_UNCALIBRATED	-94.34967	-145.68787	-335.8261	-64.82849	-129.25873	-294.01093	3
1574216349653	TYPE_GYROSCOPE_UNCALIBRATED	0.9071808	-0.2454071	-0.37780762	-7.7819824E-4	-2.2888184E-4	4.4250488E-4	3
1574216349653	TYPE_ACCELEROMETER_UNCALIBRATED	0.031433105	-0.7464142	11.417465	0.0	0.0	0.0	3
1574216349673	TYPE_ACCELEROMETER	0.58270264	-0.9481354	8.784439	2
1574216349673	TYPE_MAGNETIC_FIELD	-30.215454	-17.121887	-43.156433	3
1574216349673	TYPE_GYROSCOPE	0.95536804	-0.19670105	-0.34043884	3
1574216349673	TYPE_ROTATION_VECTOR	0.018052172	-0.01653352	-0.84036106	3
1574216349673	TYPE_MAGNETIC_FIELD_UNCALIBRATED	-95.043945	-146.38062	-337.16736	-64.82849	-129.25873	-294.01093	3
1574216349673	TYPE_GYROSCOPE_UNCALIBRATED	0.9071808	-0.2454071	-0.37780762	-7.7819824E-4	-2.2888184E-4	4.4250488E-4	3
1574216349673	TYPE_ACCELEROMETER_UNCALIBRATED	0.33010864	-0.8433838	9.594879	0.0	0.0	0.0	3
1574216349693	TYPE_ACCELEROMETER	0.66589355	-1.1103363	8.009918	2
1574216349693	TYPE_MAGNETIC_FIELD	-29.52118	-18.510437	-41.145325	3
1574216349693	TYPE_GYROSCOPE	0.75509644	-0.12161255	-0.31860352	3
1574216349693	TYPE_ROTATION_VECTOR	0.017593034	-0.022995427	-0.8453	3
1574216349693	TYPE_MAGNETIC_FIELD_UNCALIBRATED	-94.34967	-147.76917	-335.15625	-64.82849	-129.25873	-294.01093	3
1574216349693	TYPE_GYROSCOPE_UNCALIBRATED	0.95458984	-0.19692993	-0.33999634	-7.7819824E-4	-2.2888184E-4	4.4250488E-4	3
1574216349693	TYPE_ACCELEROMETER_UNCALIBRATED	0.74250793	-1.0600586	8.246948	0.0	0.0	0.0	3
1574216349713	TYPE_ACCELEROMETER	0.29179382	-1.1229095	8.316971	2
1574216349713	TYPE_MAGNETIC_FIELD	-30.215454	-19.89746	-39.804077	3
1574216349713	TYPE_GYROSCOPE	0.57507324	-0.025726318	-0.31806946	3
1574216349713	TYPE_ROTATION_VECTOR	0.016488113	-0.027169019	-0.8502694	3
1574216349713	TYPE_MAGNETIC_FIELD_UNCALIBRATED	-95.043945	-149.15619	-333.815	-64.82849	-129.25873	-294.01093	3
1574216349713	TYPE_GYROSCOPE_UNCALIBRATED	0.57429504	-0.0259552	-0.31762695	-7.7819824E-4	-2.2888184E-4	4.4250488E-4	3
1574216349713	TYPE_ACCELEROMETER_UNCALIBRATED	0.4827423	-1.097168	8.065582	0.0	0.0	0.0	3
1574216349733	TYPE_ACCELEROMETER	-0.20979309	-1.2300568	8.3038025	2
1574216349733	TYPE_MAGNETIC_FIELD	-30.909729	-20.591736	-40.475464	3
1574216349733	TYPE_GYROSCOPE	0.56707764	0.020614624	-0.31274414	3
1574216349733	TYPE_ROTATION_VECTOR	0.017338393	-0.029266996	-0.8589476	3
1574216349733	TYPE_MAGNETIC_FIELD_UNCALIBRATED	-95.73822	-149.85046	-334.4864	-64.82849	-129.25873	-294.01093	3
1574216349733	TYPE_GYROSCOPE_UNCALIBRATED	0.56629944	0.020385742	-0.31230164	-7.7819824E-4	-2.2888184E-4	4.4250488E-4	3
1574216349733	TYPE_ACCELEROMETER_UNCALIBRATED	0.05596924	-1.1809692	8.464203	0.0	0.0	0.0	3
1574216349753	TYPE_ACCELEROMETER	-0.55574036	-1.2587738	7.8177795	2
1574216349753	TYPE_MAGNETIC_FIELD	-30.215454	-21.97876	-40.475464	3
1574216349753	TYPE_GYROSCOPE	0.5271301	-0.07527161	-0.2983551	3
1574216349753	TYPE_ROTATION_VECTOR	0.018224739	-0.02966336	-0.8626818	3
1574216349753	TYPE_MAGNETIC_FIELD_UNCALIBRATED	-95.043945	-151.23749	-334.4864	-64.82849	-129.25873	-294.01093	3
1574216349753	TYPE_GYROSCOPE_UNCALIBRATED	0.5263519	-0.07550049	-0.2979126	-7.7819824E-4	-2.2888184E-4	4.4250488E-4	3
1574216349753	TYPE_ACCELEROMETER_UNCALIBRATED	-0.4300537	-1.271347	8.012909	0.0	0.0	0.0	3
1574216349772	TYPE_ACCELEROMETER	-0.54078674	-0.9146118	7.270096	2
1574216349772	TYPE_MAGNETIC_FIELD	-28.82843	-21.284485	-39.804077	3
1574216349772	TYPE_GYROSCOPE	0.5143585	-0.212677	-0.27812195	3
1574216349772	TYPE_ROTATION_VECTOR	0.018224739	-0.02966336	-0.8626818	3
1574216349772	TYPE_MAGNETIC_FIELD_UNCALIBRATED	-93.65692	-150.54321	-333.815	-64.82849	-129.25873	-294.01093	3
1574216349772	TYPE_GYROSCOPE_UNCALIBRATED	0.5135803	-0.21290588	-0.27767944	-7.7819824E-4	-2.2888184E-4	4.4250488E-4	3
1574216349772	TYPE_ACCELEROMETER_UNCALIBRATED	-0.5856781	-1.1199188	7.618454	0.0	0.0	0.0	3
1574216349792	TYPE_ACCELEROMETER	-0.44381714	-0.45851135	6.305832	2
1574216349792	TYPE_MAGNETIC_FIELD	-28.82843	-22.673035	-38.464355	3
1574216349792	TYPE_GYROSCOPE	0.5772095	-0.25369263	-0.2541504	3
1574216349792	TYPE_ROTATION_VECTOR	0.018845195	-0.035305556	-0.86793447	3
1574216349792	TYPE_MAGNETIC_FIELD_UNCALIBRATED	-93.65692	-151.93176	-332.47528	-64.82849	-129.25873	-294.01093	3
1574216349792	TYPE_GYROSCOPE_UNCALIBRATED	0.5764313	-0.2539215	-0.2537079	-7.7819824E-4	-2.2888184E-4	4.4250488E-4	3
1574216349792	TYPE_ACCELEROMETER_UNCALIBRATED	-0.46896362	-0.70751953	6.823578	0.0	0.0	0.0	3
1574216349812	TYPE_ACCELEROMETER	-0.19242859	-0.17300415	4.8579407	2
1574216349812	TYPE_MAGNETIC_FIELD	-30.215454	-22.673035	-37.123108	3
1574216349812	TYPE_GYROSCOPE	0.5974426	-0.20256042	-0.22006226	3
1574216349812	TYPE_ROTATION_VECTOR	0.01980963	-0.04001368	-0.86956084	3
1574216349812	TYPE_MAGNETIC_FIELD_UNCALIBRATED	-95.043945	-151.93176	-331.13403	-64.82849	-129.25873	-294.01093	3
1574216349812	TYPE_GYROSCOPE_UNCALIBRATED	0.5966644	-0.2027893	-0.21961975	-7.7819824E-4	-2.2888184E-4	4.4250488E-4	3
1574216349812	TYPE_ACCELEROMETER_UNCALIBRATED	-0.3695984	-0.27355957	5.6234894	0.0	0.0	0.0	3
1574216349832	TYPE_ACCELEROMETER	0.12539673	-0.011993408	4.404846	2
1574216349832	TYPE_MAGNETIC_FIELD	-28.134155	-24.060059	-37.123108	3
1574216349832	TYPE_GYROSCOPE	0.49464417	-0.044906616	-0.22431946	3
1574216349832	TYPE_ROTATION_VECTOR	0.01980963	-0.04001368	-0.86956084	3
1574216349832	TYPE_MAGNETIC_FIELD_UNCALIBRATED	-92.96265	-153.31879	-331.13403	-64.82849	-129.25873	-294.01093	3
1574216349832	TYPE_GYROSCOPE_UNCALIBRATED	0.49386597	-0.045135498	-0.22387695	-7.7819824E-4	-2.2888184E-4	4.4250488E-4	3
1574216349832	TYPE_ACCELEROMETER_UNCALIBRATED	-0.026626587	-0.044311523	4.3013	0.0	0.0	0.0	3
1574216349852	TYPE_ACCELEROMETER	-0.18583679	0.20289612	4.312668	2
1574216349852	TYPE_MAGNETIC_FIELD	-28.82843	-24.060059	-38.464355	3
1574216349852	TYPE_GYROSCOPE	0.68852234	0.47175598	-0.26107788	3
1574216349852	TYPE_ROTATION_VECTOR	0.028716218	-0.04672813	-0.8725962	3
1574216349852	TYPE_MAGNETIC_FIELD_UNCALIBRATED	-93.65692	-153.31879	-332.47528	-64.82849	-129.25873	-294.01093	3
1574216349852	TYPE_GYROSCOPE_UNCALIBRATED	0.68774414	0.4715271	-0.26063538	-7.7819824E-4	-2.2888184E-4	4.4250488E-4	3
1574216349852	TYPE_ACCELEROMETER_UNCALIBRATED	0.039215088	-0.043121338	4.538315	0.0	0.0	0.0	3
1574216349872	TYPE_ACCELEROMETER	-0.5892639	0.13224792	4.2138977	2
1574216349872	TYPE_MAGNETIC_FIELD	-28.134155	-24.754333	-36.453247	3
1574216349872	TYPE_GYROSCOPE	0.29437256	0.25497437	-0.19769287	3
1574216349872	TYPE_ROTATION_VECTOR	0.028716218	-0.04672813	-0.8725962	3
1574216349872	TYPE_MAGNETIC_FIELD_UNCALIBRATED	-92.96265	-154.01306	-330.46417	-64.82849	-129.25873	-294.01093	3
1574216349872	TYPE_GYROSCOPE_UNCALIBRATED	0.29359436	0.25474548	-0.19725037	-7.7819824E-4	-2.2888184E-4	4.4250488E-4	3
1574216349872	TYPE_ACCELEROMETER_UNCALIBRATED	-0.40011597	0.301651	4.1336975	0.0	0.0	0.0	3
1574216349892	TYPE_ACCELEROMETER	-0.10684204	0.2441864	4.891464	2
1574216349892	TYPE_MAGNETIC_FIELD	-26.747131	-26.141357	-38.464355	3
1574216349892	TYPE_GYROSCOPE	-0.20152283	-0.04916382	-0.15986633	3
1574216349892	TYPE_ROTATION_VECTOR	0.031472396	-0.0447249	-0.87515175	3
1574216349892	TYPE_MAGNETIC_FIELD_UNCALIBRATED	-91.57562	-155.40009	-332.47528	-64.82849	-129.25873	-294.01093	3
1574216349892	TYPE_GYROSCOPE_UNCALIBRATED	-0.20230103	-0.0493927	-0.15942383	-7.7819824E-4	-2.2888184E-4	4.4250488E-4	3
1574216349892	TYPE_ACCELEROMETER_UNCALIBRATED	-0.43902588	0.14781189	4.567047	0.0	0.0	0.0	3
1574216349911	TYPE_ACCELEROMETER	0.03262329	0.36808777	5.96167	2
1574216349911	TYPE_MAGNETIC_FIELD	-27.43988	-23.365784	-37.123108	3
1574216349911	TYPE_GYROSCOPE	-0.4816742	-0.025726318	-0.1875763	3
1574216349911	TYPE_ROTATION_VECTOR	0.031472396	-0.0447249	-0.87515175	3
1574216349911	TYPE_MAGNETIC_FIELD_UNCALIBRATED	-92.26837	-152.62451	-331.13403	-64.82849	-129.25873	-294.01093	3
1574216349911	TYPE_GYROSCOPE_UNCALIBRATED	-0.4824524	-0.0259552	-0.18713379	-7.7819824E-4	-2.2888184E-4	4.4250488E-4	3
1574216349911	TYPE_ACCELEROMETER_UNCALIBRATED	0.045196533	0.28129578	5.325409	0.0	0.0	0.0	3
1574216349931	TYPE_ACCELEROMETER	0.4264679	0.7421875	7.0187073	2
1574216349931	TYPE_MAGNETIC_FIELD	-27.43988	-23.365784	-38.464355	3
1574216349931	TYPE_GYROSCOPE	-0.5253601	0.11009216	-0.21154785	3
1574216349931	TYPE_ROTATION_VECTOR	0.028606428	-0.040333442	-0.8766517	3
1574216349931	TYPE_MAGNETIC_FIELD_UNCALIBRATED	-92.26837	-152.62451	-332.47528	-64.82849	-129.25873	-294.01093	3
1574216349931	TYPE_GYROSCOPE_UNCALIBRATED	-0.5261383	0.10986328	-0.21110535	-7.7819824E-4	-2.2888184E-4	4.4250488E-4	3
1574216349931	TYPE_ACCELEROMETER_UNCALIBRATED	0.19963074	0.606308	6.6332397	0.0	0.0	0.0	3
1574216349951	TYPE_ACCELEROMETER	0.1577301	0.8547058	7.5568085	2
1574216349951	TYPE_MAGNETIC_FIELD	-28.134155	-24.754333	-36.453247	3
1574216349951	TYPE_GYROSCOPE	-0.634552	0.17454529	-0.20674133	3
1574216349951	TYPE_ROTATION_VECTOR	0.026352296	-0.035886638	-0.8781043	3
1574216349951	TYPE_MAGNETIC_FIELD_UNCALIBRATED	-92.96265	-154.01306	-330.46417	-64.82849	-129.25873	-294.01093	3
1574216349951	TYPE_GYROSCOPE_UNCALIBRATED	-0.6353302	0.1743164	-0.20629883	-7.7819824E-4	-2.2888184E-4	4.4250488E-4	3
1574216349951	TYPE_ACCELEROMETER_UNCALIBRATED	0.39234924	0.7391815	7.1503906	0.0	0.0	0.0	3
1574216349971	TYPE_ACCELEROMETER	-0.41688538	1.0252991	9.023254	2
1574216349971	TYPE_MAGNETIC_FIELD	-25.358582	-23.365784	-38.464355	3
1574216349971	TYPE_GYROSCOPE	-0.9045868	0.20011902	-0.070388794	3
1574216349971	TYPE_ROTATION_VECTOR	0.024729693	-0.03018945	-0.8793419	3
1574216349971	TYPE_MAGNETIC_FIELD_UNCALIBRATED	-90.18707	-152.62451	-332.47528	-64.82849	-129.25873	-294.01093	3
1574216349971	TYPE_GYROSCOPE_UNCALIBRATED	-0.905365	0.19989014	-0.06994629	-7.7819824E-4	-2.2888184E-4	4.4250488E-4	3
1574216349971	TYPE_ACCELEROMETER_UNCALIBRATED	-0.14094543	1.0037384	8.251724	0.0	0.0	0.0	3
1574216349991	TYPE_ACCELEROMETER	-0.6150055	0.62127686	11.705368	2
1574216349991	TYPE_MAGNETIC_FIELD	-26.747131	-21.97876	-37.794495	3
1574216349991	TYPE_GYROSCOPE	-1.1746368	0.2624359	0.12188721	3
1574216349991	TYPE_ROTATION_VECTOR	0.023070352	-0.021901473	-0.87953115	3
1574216349991	TYPE_MAGNETIC_FIELD_UNCALIBRATED	-91.57562	-151.23749	-331.80542	-64.82849	-129.25873	-294.01093	3
1574216349991	TYPE_GYROSCOPE_UNCALIBRATED	-1.175415	0.26220703	0.12232971	-7.7819824E-4	-2.2888184E-4	4.4250488E-4	3
1574216349991	TYPE_ACCELEROMETER_UNCALIBRATED	-0.5760956	0.9025879	10.143738	0.0	0.0	0.0	3
1574216350011	TYPE_ACCELEROMETER	-0.091278076	-0.41482544	15.685715	2
1574216350011	TYPE_MAGNETIC_FIELD	-26.747131	-20.591736	-38.464355	3
1574216350011	TYPE_GYROSCOPE	-1.1767731	0.21502686	0.18475342	3
1574216350011	TYPE_ROTATION_VECTOR	0.015679954	0.0014263424	-0.8787898	3
1574216350011	TYPE_MAGNETIC_FIELD_UNCALIBRATED	-91.57562	-149.85046	-332.47528	-64.82849	-129.25873	-294.01093	3
1574216350011	TYPE_GYROSCOPE_UNCALIBRATED	-1.175415	0.26220703	0.12232971	-7.7819824E-4	-2.2888184E-4	4.4250488E-4	3
1574216350011	TYPE_ACCELEROMETER_UNCALIBRATED	-0.5372009	0.20527649	13.575836	0.0	0.0	0.0	3
1574216350031	TYPE_ACCELEROMETER	0.1804657	-0.46749878	18.109848	2
1574216350031	TYPE_MAGNETIC_FIELD	-26.747131	-21.97876	-40.475464	3
1574216350031	TYPE_GYROSCOPE	-0.8491974	-0.114151	0.018569946	3
1574216350031	TYPE_ROTATION_VECTOR	0.015679954	0.0014263424	-0.8787898	3
1574216350031	TYPE_MAGNETIC_FIELD_UNCALIBRATED	-91.57562	-151.23749	-334.4864	-64.82849	-129.25873	-294.01093	3
1574216350031	TYPE_GYROSCOPE_UNCALIBRATED	-1.1775513	0.21479797	0.18519592	-7.7819824E-4	-2.2888184E-4	4.4250488E-4	3
1574216350031	TYPE_ACCELEROMETER_UNCALIBRATED	0.29658508	-0.79730225	17.342514	0.0	0.0	0.0	3
1574216350050	TYPE_ACCELEROMETER	-0.78678894	1.1815186	18.107468	2
1574216350050	TYPE_MAGNETIC_FIELD	-26.052856	-18.510437	-39.804077	3
1574216350050	TYPE_GYROSCOPE	-0.2766266	-0.18286133	-0.107681274	3
1574216350050	TYPE_ROTATION_VECTOR	0.0080409665	0.008386328	-0.87895304	3
1574216350050	TYPE_MAGNETIC_FIELD_UNCALIBRATED	-90.88135	-147.76917	-333.815	-64.82849	-129.25873	-294.01093	3
1574216350050	TYPE_GYROSCOPE_UNCALIBRATED	-0.2774048	-0.18309021	-0.10723877	-7.7819824E-4	-2.2888184E-4	4.4250488E-4	3
1574216350050	TYPE_ACCELEROMETER_UNCALIBRATED	-0.18045044	0.30763245	18.324738	0.0	0.0	0.0	3
1574216350070	TYPE_ACCELEROMETER	-1.9976654	1.9404755	17.233582	2
1574216350070	TYPE_MAGNETIC_FIELD	-27.43988	-19.89746	-39.134216	3
1574216350070	TYPE_GYROSCOPE	0.1377716	0.034469604	0.011108398	3
1574216350070	TYPE_ROTATION_VECTOR	0.0080409665	0.008386328	-0.87895304	3
1574216350070	TYPE_MAGNETIC_FIELD_UNCALIBRATED	-92.26837	-149.15619	-333.14514	-64.82849	-129.25873	-294.01093	3
1574216350070	TYPE_GYROSCOPE_UNCALIBRATED	0.13699341	0.034240723	0.011550903	-7.7819824E-4	-2.2888184E-4	4.4250488E-4	3
1574216350070	TYPE_ACCELEROMETER_UNCALIBRATED	-1.5116425	1.7944336	17.56517	0.0	0.0	0.0	3
1574216350090	TYPE_ACCELEROMETER	-2.134735	1.6208496	17.770477	2
1574216350090	TYPE_MAGNETIC_FIELD	-27.43988	-20.591736	-39.134216	3
1574216350090	TYPE_GYROSCOPE	0.3614807	0.1953125	0.19166565	3
1574216350090	TYPE_ROTATION_VECTOR	0.018514844	0.003095336	-0.8746537	3
1574216350090	TYPE_MAGNETIC_FIELD_UNCALIBRATED	-92.26837	-149.85046	-333.14514	-64.82849	-129.25873	-294.01093	3
1574216350090	TYPE_GYROSCOPE_UNCALIBRATED	0.3607025	0.19508362	0.19210815	-7.7819824E-4	-2.2888184E-4	4.4250488E-4	3
1574216350090	TYPE_ACCELEROMETER_UNCALIBRATED	-2.1221619	1.7806702	17.52687	0.0	0.0	0.0	3
1574216350110	TYPE_ACCELEROMETER	-2.4615326	1.6244354	16.761917	2
1574216350110	TYPE_MAGNETIC_FIELD	-27.43988	-20.591736	-39.134216	3
1574216350110	TYPE_GYROSCOPE	0.58677673	-0.0033569336	0.2539978	3
1574216350110	TYPE_ROTATION_VECTOR	0.02416348	-0.0021963262	-0.8720877	3
1574216350110	TYPE_MAGNETIC_FIELD_UNCALIBRATED	-92.26837	-149.85046	-333.14514	-64.82849	-129.25873	-294.01093	3
1574216350110	TYPE_GYROSCOPE_UNCALIBRATED	0.58599854	-0.0035858154	0.2544403	-7.7819824E-4	-2.2888184E-4	4.4250488E-4	3
1574216350110	TYPE_ACCELEROMETER_UNCALIBRATED	-2.3322601	1.6441956	17.410751	0.0	0.0	0.0	3
1574216350130	TYPE_ACCELEROMETER	-2.217926	1.2054596	14.671768	2
1574216350130	TYPE_MAGNETIC_FIELD	-26.052856	-21.97876	-38.464355	3
1574216350130	TYPE_GYROSCOPE	0.8381958	-0.2861786	0.3285675	3
1574216350130	TYPE_ROTATION_VECTOR	0.02416348	-0.0021963262	-0.8720877	3
1574216350130	TYPE_MAGNETIC_FIELD_UNCALIBRATED	-90.88135	-151.23749	-332.47528	-64.82849	-129.25873	-294.01093	3
1574216350130	TYPE_GYROSCOPE_UNCALIBRATED	0.8374176	-0.28640747	0.32901	-7.7819824E-4	-2.2888184E-4	4.4250488E-4	3
1574216350130	TYPE_ACCELEROMETER_UNCALIBRATED	-2.3963013	1.4472656	15.8581085	0.0	0.0	0.0	3
1574216350150	TYPE_ACCELEROMETER	-1.5331879	0.43333435	11.669449	2
1574216350150	TYPE_MAGNETIC_FIELD	-28.82843	-20.591736	-38.464355	3
1574216350150	TYPE_GYROSCOPE	1.1023712	-0.46142578	0.42390442	3
1574216350150	TYPE_ROTATION_VECTOR	0.0303289	-0.021248033	-0.86756104	3
1574216350150	TYPE_MAGNETIC_FIELD_UNCALIBRATED	-93.65692	-149.85046	-332.47528	-64.82849	-129.25873	-294.01093	3
1574216350150	TYPE_GYROSCOPE_UNCALIBRATED	1.101593	-0.46165466	0.42434692	-7.7819824E-4	-2.2888184E-4	4.4250488E-4	3
1574216350150	TYPE_ACCELEROMETER_UNCALIBRATED	-1.8881226	0.84872437	13.269379	0.0	0.0	0.0	3
1574216350170	TYPE_ACCELEROMETER	-1.2728119	-0.37771606	8.659943	2
1574216350170	TYPE_MAGNETIC_FIELD	-28.134155	-24.060059	-36.453247	3
1574216350170	TYPE_GYROSCOPE	1.254715	-0.27659607	0.49473572	3
1574216350170	TYPE_ROTATION_VECTOR	0.034353312	-0.031784184	-0.86555815	3
1574216350170	TYPE_MAGNETIC_FIELD_UNCALIBRATED	-92.96265	-153.31879	-330.46417	-64.82849	-129.25873	-294.01093	3
1574216350170	TYPE_GYROSCOPE_UNCALIBRATED	1.2539368	-0.27682495	0.49517822	-7.7819824E-4	-2.2888184E-4	4.4250488E-4	3
1574216350170	TYPE_ACCELEROMETER_UNCALIBRATED	-1.3278809	0.038879395	10.088074	0.0	0.0	0.0	3
1574216350189	TYPE_ACCELEROMETER	-1.2440948	-1.100769	7.0743866	2
1574216350189	TYPE_MAGNETIC_FIELD	-27.43988	-23.365784	-34.44214	3
1574216350189	TYPE_GYROSCOPE	1.1433868	0.102645874	0.516037	3
1574216350189	TYPE_ROTATION_VECTOR	0.040595572	-0.038873114	-0.86365175	3
1574216350189	TYPE_MAGNETIC_FIELD_UNCALIBRATED	-92.26837	-152.62451	-328.45306	-64.82849	-129.25873	-294.01093	3
1574216350189	TYPE_GYROSCOPE_UNCALIBRATED	1.1426086	0.10241699	0.5164795	-7.7819824E-4	-2.2888184E-4	4.4250488E-4	3
1574216350189	TYPE_ACCELEROMETER_UNCALIBRATED	-1.1130066	-1.2964935	7.005554	0.0	0.0	0.0	3
1574216350209	TYPE_ACCELEROMETER	-1.0896606	-1.2503967	6.960663	2
1574216350209	TYPE_MAGNETIC_FIELD	-27.43988	-22.673035	-35.112	3
1574216350209	TYPE_GYROSCOPE	0.85150146	0.22088623	0.45106506	3
1574216350209	TYPE_ROTATION_VECTOR	0.046081822	-0.042801976	-0.8621717	3
1574216350209	TYPE_MAGNETIC_FIELD_UNCALIBRATED	-92.26837	-151.93176	-329.12292	-64.82849	-129.25873	-294.01093	3
1574216350209	TYPE_GYROSCOPE_UNCALIBRATED	0.85072327	0.22065735	0.45150757	-7.7819824E-4	-2.2888184E-4	4.4250488E-4	3
1574216350209	TYPE_ACCELEROMETER_UNCALIBRATED	-1.1130066	-1.2964935	7.005554	0.0	0.0	0.0	3
1574216350229	TYPE_ACCELEROMETER	-1.2458801	-0.8499756	6.3477325	2
1574216350229	TYPE_MAGNETIC_FIELD	-28.82843	-24.060059	-33.772278	3
1574216350229	TYPE_GYROSCOPE	0.5249939	0.07814026	0.3759613	3
1574216350229	TYPE_ROTATION_VECTOR	0.046081822	-0.042801976	-0.8621717	3
1574216350229	TYPE_MAGNETIC_FIELD_UNCALIBRATED	-93.65692	-153.31879	-327.7832	-64.82849	-129.25873	-294.01093	3
1574216350229	TYPE_GYROSCOPE_UNCALIBRATED	0.5242157	0.07791138	0.3764038	-7.7819824E-4	-2.2888184E-4	4.4250488E-4	3
1574216350229	TYPE_ACCELEROMETER_UNCALIBRATED	-1.2536621	-1.013382	6.731415	0.0	0.0	0.0	3
1574216350249	TYPE_ACCELEROMETER	-1.1016388	-0.47647095	5.965866	2
1574216350249	TYPE_MAGNETIC_FIELD	-27.43988	-24.060059	-34.44214	3
1574216350249	TYPE_GYROSCOPE	0.20115662	-0.015609741	0.29925537	3
1574216350249	TYPE_ROTATION_VECTOR	0.049161777	-0.044963446	-0.86095077	3
1574216350249	TYPE_MAGNETIC_FIELD_UNCALIBRATED	-92.26837	-153.31879	-328.45306	-64.82849	-129.25873	-294.01093	3
1574216350249	TYPE_GYROSCOPE_UNCALIBRATED	0.20037842	-0.015838623	0.29969788	-7.7819824E-4	-2.2888184E-4	4.4250488E-4	3
1574216350249	TYPE_ACCELEROMETER_UNCALIBRATED	-1.1333618	-0.697937	6.0221252	0.0	0.0	0.0	3
1574216350269	TYPE_ACCELEROMETER	-0.7819977	0.06881714	6.6230774	2
1574216350269	TYPE_MAGNETIC_FIELD	-30.215454	-24.060059	-33.772278	3
1574216350269	TYPE_GYROSCOPE	-0.01828003	-0.035842896	0.2529297	3
1574216350269	TYPE_ROTATION_VECTOR	0.04997003	-0.045286898	-0.86010516	3
1574216350269	TYPE_MAGNETIC_FIELD_UNCALIBRATED	-95.043945	-153.31879	-327.7832	-64.82849	-129.25873	-294.01093	3
1574216350269	TYPE_GYROSCOPE_UNCALIBRATED	0.20037842	-0.015838623	0.29969788	-7.7819824E-4	-2.2888184E-4	4.4250488E-4	3
1574216350269	TYPE_ACCELEROMETER_UNCALIBRATED	-0.9938965	-0.25080872	6.2160645	0.0	0.0	0.0	3
1574216350289	TYPE_ACCELEROMETER	-0.62698364	0.74757385	7.2000732	2
1574216350289	TYPE_MAGNETIC_FIELD	-28.134155	-24.060059	-33.772278	3
1574216350289	TYPE_GYROSCOPE	-0.019348145	-0.045440674	0.23535156	3
1574216350289	TYPE_ROTATION_VECTOR	0.049100887	-0.044304606	-0.858382	3
1574216350289	TYPE_MAGNETIC_FIELD_UNCALIBRATED	-92.96265	-153.31879	-327.7832	-64.82849	-129.25873	-294.01093	3
1574216350289	TYPE_GYROSCOPE_UNCALIBRATED	-0.020126343	-0.045669556	0.23579407	-7.7819824E-4	-2.2888184E-4	4.4250488E-4	3
1574216350289	TYPE_ACCELEROMETER_UNCALIBRATED	-0.6970062	0.4686432	7.024704	0.0	0.0	0.0	3
1574216350309	TYPE_ACCELEROMETER	-0.6742554	1.321579	6.733795	2
1574216350309	TYPE_MAGNETIC_FIELD	-28.134155	-24.754333	-35.112	3
1574216350309	TYPE_GYROSCOPE	0.10635376	-0.028396606	0.2390747	3
1574216350309	TYPE_ROTATION_VECTOR	0.049913876	-0.04564294	-0.857035	3
1574216350309	TYPE_MAGNETIC_FIELD_UNCALIBRATED	-92.96265	-154.01306	-329.12292	-64.82849	-129.25873	-294.01093	3
1574216350309	TYPE_GYROSCOPE_UNCALIBRATED	0.10557556	-0.028625488	0.23951721	-7.7819824E-4	-2.2888184E-4	4.4250488E-4	3
1574216350309	TYPE_ACCELEROMETER_UNCALIBRATED	-0.6060333	1.0001526	7.0695953	0.0	0.0	0.0	3
1574216350328	TYPE_ACCELEROMETER	-0.27981567	1.3407288	5.8371735	2
1574216350328	TYPE_MAGNETIC_FIELD	-28.134155	-24.754333	-35.112	3
1574216350328	TYPE_GYROSCOPE	0.22033691	0.097854614	0.2667694	3
1574216350328	TYPE_ROTATION_VECTOR	0.052359935	-0.047273476	-0.85518515	3
1574216350328	TYPE_MAGNETIC_FIELD_UNCALIBRATED	-92.96265	-154.01306	-329.12292	-64.82849	-129.25873	-294.01093	3
1574216350328	TYPE_GYROSCOPE_UNCALIBRATED	0.21955872	0.09762573	0.2672119	-7.7819824E-4	-2.2888184E-4	4.4250488E-4	3
1574216350328	TYPE_ACCELEROMETER_UNCALIBRATED	-0.51564026	1.416748	6.265732	0.0	0.0	0.0	3
1574216350348	TYPE_ACCELEROMETER	-0.03919983	1.1378174	5.253586	2
1574216350348	TYPE_MAGNETIC_FIELD	-28.134155	-22.673035	-35.112	3
1574216350348	TYPE_GYROSCOPE	0.20063782	0.1676178	0.24493408	3
1574216350348	TYPE_ROTATION_VECTOR	0.055000056	-0.048686385	-0.8535751	3
1574216350348	TYPE_MAGNETIC_FIELD_UNCALIBRATED	-92.96265	-151.93176	-329.12292	-64.82849	-129.25873	-294.01093	3
1574216350348	TYPE_GYROSCOPE_UNCALIBRATED	0.19985962	0.16738892	0.24537659	-7.7819824E-4	-2.2888184E-4	4.4250488E-4	3
1574216350348	TYPE_ACCELEROMETER_UNCALIBRATED	-0.13975525	1.2826691	5.5636444	0.0	0.0	0.0	3
1574216350368	TYPE_ACCELEROMETER	-0.39653015	1.1444092	4.5287323	2
1574216350368	TYPE_MAGNETIC_FIELD	-28.82843	-23.365784	-33.772278	3
1574216350368	TYPE_GYROSCOPE	0.14204407	0.3524475	0.2028656	3
1574216350368	TYPE_ROTATION_VECTOR	0.055000056	-0.048686385	-0.8535751	3
1574216350368	TYPE_MAGNETIC_FIELD_UNCALIBRATED	-93.65692	-152.62451	-327.7832	-64.82849	-129.25873	-294.01093	3
1574216350368	TYPE_GYROSCOPE_UNCALIBRATED	0.14126587	0.35221863	0.2033081	-7.7819824E-4	-2.2888184E-4	4.4250488E-4	3
1574216350368	TYPE_ACCELEROMETER_UNCALIBRATED	-0.16789246	1.210846	4.5532837	0.0	0.0	0.0	3
1574216349482	TYPE_BLUE		6A:50:9A:93:F7:1C	-88
1574216349482	TYPE_BLU4	10073	61418	-88
1574216349578	TYPE_BLUE		2F:95:F1:E9:06:75	-96
1574216349578	TYPE_BLU4	55384	14416	-96
1574216349899	TYPE_BLUE		2F:95:F1:E9:06:75	-96
1574216349899	TYPE_BLU4	55384	14416	-96
1574216350115	TYPE_BLUE		2F:95:F1:E9:06:75	-90
1574216350115	TYPE_BLU4	55384	14416	-90
1574216350226	TYPE_BLUE		2F:95:F1:E9:06:75	-96
1574216350226	TYPE_BLU4	55384	14416	-96
1574216350260	TYPE_BLUE		6A:50:9A:93:F7:1C	-89
1574216350260	TYPE_BLU4	10073	61418	-89
1574216350327	TYPE_BLUE		2F:95:F1:E9:06:75	-96
1574216350327	TYPE_BLU4	55384	14416	-96
1574216349482	TYPE_BEACON	FDA50693-A4E2-4FB1-AFCF-C6EB07647825	10073	61418	-65	-88	9.410515444621531	6A:50:9A:93:F7:1C	1574216349482
1574216350260	TYPE_BEACON	FDA50693-A4E2-4FB1-AFCF-C6EB07647825	10073	61418	-65	-89	10.256966296653632	6A:50:9A:93:F7:1C	1574216350260
1574216350388	TYPE_ACCELEROMETER	-0.27262878	0.87145996	5.466675	2
1574216350388	TYPE_MAGNETIC_FIELD	-29.52118	-23.365784	-35.112	3
1574216350388	TYPE_GYROSCOPE	-0.12641907	0.09944153	0.1842041	3
1574216350388	TYPE_ROTATION_VECTOR	0.058614086	-0.048654307	-0.85226804	3
1574216350388	TYPE_MAGNETIC_FIELD_UNCALIBRATED	-94.34967	-152.62451	-329.12292	-64.82849	-129.25873	-294.01093	3
1574216350388	TYPE_GYROSCOPE_UNCALIBRATED	0.14126587	0.35221863	0.2033081	-7.7819824E-4	-2.2888184E-4	4.4250488E-4	3
1574216350388	TYPE_ACCELEROMETER_UNCALIBRATED	-0.37498474	0.8762512	5.174576	0.0	0.0	0.0	3
1574216350408	TYPE_ACCELEROMETER	-0.22235107	0.72662354	6.284897	2
1574216350408	TYPE_MAGNETIC_FIELD	-26.747131	-21.97876	-34.44214	3
1574216350408	TYPE_GYROSCOPE	-0.48434448	-0.2632904	0.13734436	3
1574216350408	TYPE_ROTATION_VECTOR	0.05442742	-0.044967223	-0.8508407	3
1574216350408	TYPE_MAGNETIC_FIELD_UNCALIBRATED	-91.57562	-151.23749	-328.45306	-64.82849	-129.25873	-294.01093	3
1574216350408	TYPE_GYROSCOPE_UNCALIBRATED	-0.48512268	-0.2635193	0.13778687	-7.7819824E-4	-2.2888184E-4	4.4250488E-4	3
1574216350408	TYPE_ACCELEROMETER_UNCALIBRATED	-0.24868774	0.79125977	5.776123	0.0	0.0	0.0	3
1574216350428	TYPE_ACCELEROMETER	-0.5749054	1.1503906	7.827347	2
1574216350428	TYPE_MAGNETIC_FIELD	-28.82843	-23.365784	-33.772278	3
1574216350428	TYPE_GYROSCOPE	-0.71391296	-0.42147827	0.07235718	3
1574216350428	TYPE_ROTATION_VECTOR	0.047105	-0.041160986	-0.85120755	3
1574216350428	TYPE_MAGNETIC_FIELD_UNCALIBRATED	-93.65692	-152.62451	-327.7832	-64.82849	-129.25873	-294.01093	3
1574216350428	TYPE_GYROSCOPE_UNCALIBRATED	-0.71469116	-0.42170715	0.07279968	-7.7819824E-4	-2.2888184E-4	4.4250488E-4	3
1574216350428	TYPE_ACCELEROMETER_UNCALIBRATED	-0.33488464	0.90678406	7.0157166	0.0	0.0	0.0	3
1574216350448	TYPE_ACCELEROMETER	-0.50128174	1.2132416	9.099869	2
1574216350448	TYPE_MAGNETIC_FIELD	-30.909729	-21.97876	-32.43103	3
1574216350448	TYPE_GYROSCOPE	-0.64785767	-0.22441101	0.011642456	3
1574216350448	TYPE_ROTATION_VECTOR	0.042282976	-0.03693759	-0.85135657	3
1574216350448	TYPE_MAGNETIC_FIELD_UNCALIBRATED	-95.73822	-151.23749	-326.44196	-64.82849	-129.25873	-294.01093	3
1574216350448	TYPE_GYROSCOPE_UNCALIBRATED	-0.71469116	-0.42170715	0.07279968	-7.7819824E-4	-2.2888184E-4	4.4250488E-4	3
1574216350448	TYPE_ACCELEROMETER_UNCALIBRATED	-0.6646881	1.2150269	8.516281	0.0	0.0	0.0	3
1574216350467	TYPE_ACCELEROMETER	-0.34266663	1.420929	10.147339	2
1574216350467	TYPE_MAGNETIC_FIELD	-30.215454	-21.284485	-33.772278	3
1574216350467	TYPE_GYROSCOPE	-0.5216217	-0.047027588	-0.102874756	3
1574216350467	TYPE_ROTATION_VECTOR	0.03955822	-0.03288841	-0.85196966	3
1574216350467	TYPE_MAGNETIC_FIELD_UNCALIBRATED	-95.043945	-150.54321	-327.7832	-64.82849	-129.25873	-294.01093	3
1574216350467	TYPE_GYROSCOPE_UNCALIBRATED	-0.5223999	-0.04725647	-0.10243225	-7.7819824E-4	-2.2888184E-4	4.4250488E-4	3
1574216350467	TYPE_ACCELEROMETER_UNCALIBRATED	-0.33488464	1.3149872	9.638565	0.0	0.0	0.0	3
1574216350487	TYPE_ACCELEROMETER	-0.6000366	1.8339386	10.847046	2
1574216350487	TYPE_MAGNETIC_FIELD	-30.909729	-20.591736	-35.112	3
1574216350487	TYPE_GYROSCOPE	-0.3959198	-0.04649353	-0.22431946	3
1574216350487	TYPE_ROTATION_VECTOR	0.037458155	-0.030085487	-0.8530497	3
1574216350487	TYPE_MAGNETIC_FIELD_UNCALIBRATED	-95.73822	-149.85046	-329.12292	-64.82849	-129.25873	-294.01093	3
1574216350487	TYPE_GYROSCOPE_UNCALIBRATED	-0.396698	-0.046722412	-0.22387695	-7.7819824E-4	-2.2888184E-4	4.4250488E-4	3
1574216350487	TYPE_ACCELEROMETER_UNCALIBRATED	-0.4486084	1.5412445	10.630356	0.0	0.0	0.0	3
1574216350507	TYPE_ACCELEROMETER	-0.56352234	2.1972504	10.393936	2
1574216350507	TYPE_MAGNETIC_FIELD	-29.52118	-21.284485	-33.772278	3
1574216350507	TYPE_GYROSCOPE	-0.3250885	0.006225586	-0.24136353	3
1574216350507	TYPE_ROTATION_VECTOR	0.037458155	-0.030085487	-0.8530497	3
1574216350507	TYPE_MAGNETIC_FIELD_UNCALIBRATED	-94.34967	-150.54321	-327.7832	-64.82849	-129.25873	-294.01093	3
1574216350507	TYPE_GYROSCOPE_UNCALIBRATED	-0.3258667	0.005996704	-0.24092102	-7.7819824E-4	-2.2888184E-4	4.4250488E-4	3
1574216350507	TYPE_ACCELEROMETER_UNCALIBRATED	-0.6952057	2.1906738	10.629776	0.0	0.0	0.0	3
1574216350527	TYPE_ACCELEROMETER	-0.4414215	1.5669861	11.716141	2
1574216350527	TYPE_MAGNETIC_FIELD	-28.82843	-20.591736	-33.10089	3
1574216350527	TYPE_GYROSCOPE	-0.5354767	-0.019332886	-0.18969727	3
1574216350527	TYPE_ROTATION_VECTOR	0.03455345	-0.024267854	-0.85452414	3
1574216350527	TYPE_MAGNETIC_FIELD_UNCALIBRATED	-93.65692	-149.85046	-327.11182	-64.82849	-129.25873	-294.01093	3
1574216350527	TYPE_GYROSCOPE_UNCALIBRATED	-0.5362549	-0.019561768	-0.18925476	-7.7819824E-4	-2.2888184E-4	4.4250488E-4	3
1574216350527	TYPE_ACCELEROMETER_UNCALIBRATED	-0.3791809	1.863266	10.714767	0.0	0.0	0.0	3
1574216350547	TYPE_ACCELEROMETER	-0.644928	1.179718	14.789093	2
1574216350547	TYPE_MAGNETIC_FIELD	-29.52118	-20.591736	-34.44214	3
1574216350547	TYPE_GYROSCOPE	-0.526947	0.114364624	-0.121520996	3
1574216350547	TYPE_ROTATION_VECTOR	0.033224713	-0.019742308	-0.854964	3
1574216350547	TYPE_MAGNETIC_FIELD_UNCALIBRATED	-94.34967	-149.85046	-328.45306	-64.82849	-129.25873	-294.01093	3
1574216350547	TYPE_GYROSCOPE_UNCALIBRATED	-0.5277252	0.11413574	-0.12107849	-7.7819824E-4	-2.2888184E-4	4.4250488E-4	3
1574216350547	TYPE_ACCELEROMETER_UNCALIBRATED	-0.6359558	1.3646698	13.185577	0.0	0.0	0.0	3
1574216350567	TYPE_ACCELEROMETER	-0.92326355	1.5256805	15.728821	2
1574216350567	TYPE_MAGNETIC_FIELD	-29.52118	-21.284485	-33.772278	3
1574216350567	TYPE_GYROSCOPE	-0.07954407	0.41156006	-0.08850098	3
1574216350567	TYPE_ROTATION_VECTOR	0.03639887	-0.017082015	-0.8553762	3
1574216350567	TYPE_MAGNETIC_FIELD_UNCALIBRATED	-94.34967	-150.54321	-327.7832	-64.82849	-129.25873	-294.01093	3
1574216350567	TYPE_GYROSCOPE_UNCALIBRATED	-0.5277252	0.11413574	-0.12107849	-7.7819824E-4	-2.2888184E-4	4.4250488E-4	3
1574216350567	TYPE_ACCELEROMETER_UNCALIBRATED	-0.6467285	1.2527466	15.812012	0.0	0.0	0.0	3
1574216350587	TYPE_ACCELEROMETER	-0.7155609	1.0115204	15.419373	2
1574216350587	TYPE_MAGNETIC_FIELD	-28.82843	-20.591736	-34.44214	3
1574216350587	TYPE_GYROSCOPE	0.06375122	0.47761536	-0.105545044	3
1574216350587	TYPE_ROTATION_VECTOR	0.04104918	-0.015428916	-0.85564107	3
1574216350587	TYPE_MAGNETIC_FIELD_UNCALIBRATED	-93.65692	-149.85046	-328.45306	-64.82849	-129.25873	-294.01093	3
1574216350587	TYPE_GYROSCOPE_UNCALIBRATED	0.06297302	0.47738647	-0.10510254	-7.7819824E-4	-2.2888184E-4	4.4250488E-4	3
1574216350587	TYPE_ACCELEROMETER_UNCALIBRATED	-0.9897156	1.3945923	15.339157	0.0	0.0	0.0	3
1574216350606	TYPE_ACCELEROMETER	-0.84124756	1.1629639	15.932922	2
1574216350606	TYPE_MAGNETIC_FIELD	-29.52118	-19.89746	-35.112	3
1574216350606	TYPE_GYROSCOPE	-0.10510254	0.17082214	-0.20355225	3
1574216350606	TYPE_ROTATION_VECTOR	0.041853506	-0.013652502	-0.8567234	3
1574216350606	TYPE_MAGNETIC_FIELD_UNCALIBRATED	-94.34967	-149.15619	-329.12292	-64.82849	-129.25873	-294.01093	3
1574216350606	TYPE_GYROSCOPE_UNCALIBRATED	0.06297302	0.47738647	-0.10510254	-7.7819824E-4	-2.2888184E-4	4.4250488E-4	3
1574216350606	TYPE_ACCELEROMETER_UNCALIBRATED	-0.69940186	1.092926	15.729416	0.0	0.0	0.0	3
1574216350626	TYPE_ACCELEROMETER	-0.8891449	0.5003662	15.810822	2
1574216350626	TYPE_MAGNETIC_FIELD	-28.82843	-21.284485	-34.44214	3
1574216350626	TYPE_GYROSCOPE	-0.19673157	-0.14344788	-0.18383789	3
1574216350626	TYPE_ROTATION_VECTOR	0.039692175	-0.012771498	-0.85782796	3
1574216350626	TYPE_MAGNETIC_FIELD_UNCALIBRATED	-93.65692	-150.54321	-328.45306	-64.82849	-129.25873	-294.01093	3
1574216350626	TYPE_GYROSCOPE_UNCALIBRATED	-0.19750977	-0.14367676	-0.18339539	-7.7819824E-4	-2.2888184E-4	4.4250488E-4	3
1574216350626	TYPE_ACCELEROMETER_UNCALIBRATED	-0.85861206	0.79904175	15.925735	0.0	0.0	0.0	3
1574216350646	TYPE_ACCELEROMETER	-0.85562134	0.08557129	15.476822	2
1574216350646	TYPE_MAGNETIC_FIELD	-28.134155	-21.284485	-33.10089	3
1574216350646	TYPE_GYROSCOPE	0.041366577	-0.13917542	-0.11566162	3
1574216350646	TYPE_ROTATION_VECTOR	0.03855917	-0.013450363	-0.85882974	3
1574216350646	TYPE_MAGNETIC_FIELD_UNCALIBRATED	-92.96265	-150.54321	-327.11182	-64.82849	-129.25873	-294.01093	3
1574216350646	TYPE_GYROSCOPE_UNCALIBRATED	0.04058838	-0.1394043	-0.115219116	-7.7819824E-4	-2.2888184E-4	4.4250488E-4	3
1574216350646	TYPE_ACCELEROMETER_UNCALIBRATED	-0.9382324	0.3525238	15.722229	0.0	0.0	0.0	3
1574216350666	TYPE_ACCELEROMETER	-0.5467682	-0.60995483	13.624313	2
1574216350666	TYPE_MAGNETIC_FIELD	-28.82843	-19.203186	-33.10089	3
1574216350666	TYPE_GYROSCOPE	0.523407	-0.008148193	-0.06613159	3
1574216350666	TYPE_ROTATION_VECTOR	0.040754918	-0.01725305	-0.8595217	3
1574216350666	TYPE_MAGNETIC_FIELD_UNCALIBRATED	-93.65692	-148.46191	-327.11182	-64.82849	-129.25873	-294.01093	3
1574216350666	TYPE_GYROSCOPE_UNCALIBRATED	0.5226288	-0.008377075	-0.06568909	-7.7819824E-4	-2.2888184E-4	4.4250488E-4	3
1574216350666	TYPE_ACCELEROMETER_UNCALIBRATED	-0.70777893	-0.3334198	14.751984	0.0	0.0	0.0	3
1574216350686	TYPE_ACCELEROMETER	0.0715332	-0.611145	10.815308	2
1574216350686	TYPE_MAGNETIC_FIELD	-28.134155	-21.284485	-33.772278	3
1574216350686	TYPE_GYROSCOPE	0.94418335	0.2416687	-0.053344727	3
1574216350686	TYPE_ROTATION_VECTOR	0.046711415	-0.023052003	-0.8603933	3
1574216350686	TYPE_MAGNETIC_FIELD_UNCALIBRATED	-92.96265	-150.54321	-327.7832	-64.82849	-129.25873	-294.01093	3
1574216350686	TYPE_GYROSCOPE_UNCALIBRATED	0.94340515	0.24143982	-0.05290222	-7.7819824E-4	-2.2888184E-4	4.4250488E-4	3
1574216350686	TYPE_ACCELEROMETER_UNCALIBRATED	-0.3109436	-0.56565857	12.2668	0.0	0.0	0.0	3
1574216350706	TYPE_ACCELEROMETER	0.36842346	-0.7536011	8.468994	2
1574216350706	TYPE_MAGNETIC_FIELD	-28.134155	-21.284485	-32.43103	3
1574216350706	TYPE_GYROSCOPE	0.9020996	0.3236847	-0.08796692	3
1574216350706	TYPE_ROTATION_VECTOR	0.052858185	-0.028353157	-0.8613624	3
1574216350706	TYPE_MAGNETIC_FIELD_UNCALIBRATED	-92.96265	-150.54321	-326.44196	-64.82849	-129.25873	-294.01093	3
1574216350706	TYPE_GYROSCOPE_UNCALIBRATED	0.9013214	0.3234558	-0.087524414	-7.7819824E-4	-2.2888184E-4	4.4250488E-4	3
1574216350706	TYPE_ACCELEROMETER_UNCALIBRATED	0.4025421	-0.8206482	9.4470215	0.0	0.0	0.0	3
1574216350726	TYPE_ACCELEROMETER	0.2840271	-0.63090515	8.124237	2
1574216350726	TYPE_MAGNETIC_FIELD	-27.43988	-23.365784	-33.10089	3
1574216350726	TYPE_GYROSCOPE	0.5974426	0.21929932	-0.089035034	3
1574216350726	TYPE_ROTATION_VECTOR	0.05646942	-0.031682413	-0.8625231	3
1574216350726	TYPE_MAGNETIC_FIELD_UNCALIBRATED	-92.26837	-152.62451	-327.11182	-64.82849	-129.25873	-294.01093	3
1574216350726	TYPE_GYROSCOPE_UNCALIBRATED	0.5966644	0.21907043	-0.08859253	-7.7819824E-4	-2.2888184E-4	4.4250488E-4	3
1574216350726	TYPE_ACCELEROMETER_UNCALIBRATED	0.32113647	-0.63868713	8.118851	0.0	0.0	0.0	3
1574216350745	TYPE_ACCELEROMETER	-0.071517944	-0.54411316	8.317566	2
1574216350745	TYPE_MAGNETIC_FIELD	-28.134155	-21.284485	-33.772278	3
1574216350745	TYPE_GYROSCOPE	0.39024353	0.10903931	-0.061340332	3
1574216350745	TYPE_ROTATION_VECTOR	0.05822099	-0.033833716	-0.8634125	3
1574216350745	TYPE_MAGNETIC_FIELD_UNCALIBRATED	-92.96265	-150.54321	-327.7832	-64.82849	-129.25873	-294.01093	3
1574216350745	TYPE_GYROSCOPE_UNCALIBRATED	0.38946533	0.108810425	-0.060897827	-7.7819824E-4	-2.2888184E-4	4.4250488E-4	3
1574216350745	TYPE_ACCELEROMETER_UNCALIBRATED	0.07093811	-0.57164	8.243942	0.0	0.0	0.0	3
1574216350765	TYPE_ACCELEROMETER	-0.21456909	-0.41603088	8.319962	2
1574216350765	TYPE_MAGNETIC_FIELD	-28.134155	-20.591736	-33.10089	3
1574216350765	TYPE_GYROSCOPE	0.30874634	0.090927124	-0.029373169	3
1574216350765	TYPE_ROTATION_VECTOR	0.05822099	-0.033833716	-0.8634125	3
1574216350765	TYPE_MAGNETIC_FIELD_UNCALIBRATED	-92.96265	-149.85046	-327.11182	-64.82849	-129.25873	-294.01093	3
1574216350765	TYPE_GYROSCOPE_UNCALIBRATED	0.30796814	0.09069824	-0.028930664	-7.7819824E-4	-2.2888184E-4	4.4250488E-4	3
1574216350765	TYPE_ACCELEROMETER_UNCALIBRATED	-0.20140076	-0.45133972	8.269089	0.0	0.0	0.0	3
1574216350785	TYPE_ACCELEROMETER	-0.11401367	-0.47348022	8.191269	2
1574216350785	TYPE_MAGNETIC_FIELD	-28.134155	-20.591736	-33.10089	3
1574216350785	TYPE_GYROSCOPE	0.3130188	0.15536499	-0.034698486	3
1574216350785	TYPE_ROTATION_VECTOR	0.061759453	-0.036492374	-0.86456627	3
1574216350785	TYPE_MAGNETIC_FIELD_UNCALIBRATED	-92.96265	-149.85046	-327.11182	-64.82849	-129.25873	-294.01093	3
1574216350785	TYPE_GYROSCOPE_UNCALIBRATED	0.3122406	0.15513611	-0.03425598	-7.7819824E-4	-2.2888184E-4	4.4250488E-4	3
1574216350785	TYPE_ACCELEROMETER_UNCALIBRATED	-0.091278076	-0.4998169	8.358261	0.0	0.0	0.0	3
1574216350805	TYPE_ACCELEROMETER	-0.49468994	-0.30767822	7.599304	2
1574216350805	TYPE_MAGNETIC_FIELD	-26.747131	-21.284485	-33.10089	3
1574216350805	TYPE_GYROSCOPE	0.33644104	0.2294159	-0.038970947	3
1574216350805	TYPE_ROTATION_VECTOR	0.06451899	-0.037539136	-0.8651559	3
1574216350805	TYPE_MAGNETIC_FIELD_UNCALIBRATED	-91.57562	-150.54321	-327.11182	-64.82849	-129.25873	-294.01093	3
1574216350805	TYPE_GYROSCOPE_UNCALIBRATED	0.33566284	0.22918701	-0.038528442	-7.7819824E-4	-2.2888184E-4	4.4250488E-4	3
1574216350805	TYPE_ACCELEROMETER_UNCALIBRATED	-0.2720337	-0.40345764	7.8925934	0.0	0.0	0.0	3
1574216350825	TYPE_ACCELEROMETER	-0.37139893	-0.27175903	6.9588623	2
1574216350825	TYPE_MAGNETIC_FIELD	-28.134155	-20.591736	-33.772278	3
1574216350825	TYPE_GYROSCOPE	0.32632446	0.18466187	-0.049087524	3
1574216350825	TYPE_ROTATION_VECTOR	0.06718816	-0.03868445	-0.8655677	3
1574216350825	TYPE_MAGNETIC_FIELD_UNCALIBRATED	-92.96265	-149.85046	-327.7832	-64.82849	-129.25873	-294.01093	3
1574216350825	TYPE_GYROSCOPE_UNCALIBRATED	0.32554626	0.18443298	-0.04864502	-7.7819824E-4	-2.2888184E-4	4.4250488E-4	3
1574216350825	TYPE_ACCELEROMETER_UNCALIBRATED	-0.46536255	-0.3046875	7.3431244	0.0	0.0	0.0	3
1574216350845	TYPE_ACCELEROMETER	-0.26785278	-0.071243286	6.087372	2
1574216350845	TYPE_MAGNETIC_FIELD	-28.82843	-21.284485	-31.76117	3
1574216350845	TYPE_GYROSCOPE	0.24803162	0.10636902	-0.114593506	3
1574216350845	TYPE_ROTATION_VECTOR	0.06881406	-0.039599724	-0.8663669	3
1574216350845	TYPE_MAGNETIC_FIELD_UNCALIBRATED	-93.65692	-150.54321	-325.7721	-64.82849	-129.25873	-294.01093	3
1574216350845	TYPE_GYROSCOPE_UNCALIBRATED	0.24725342	0.10614014	-0.114151	-7.7819824E-4	-2.2888184E-4	4.4250488E-4	3
1574216350845	TYPE_ACCELEROMETER_UNCALIBRATED	-0.22834778	-0.22686768	6.534485	0.0	0.0	0.0	3
1574216350865	TYPE_ACCELEROMETER	-1.1351624	0.84872437	4.641861	2
1574216350865	TYPE_MAGNETIC_FIELD	-27.43988	-21.284485	-33.10089	3
1574216350865	TYPE_GYROSCOPE	0.15002441	0.08506775	-0.1529541	3
1574216350865	TYPE_ROTATION_VECTOR	0.06987349	-0.03994203	-0.8673065	3
1574216350865	TYPE_MAGNETIC_FIELD_UNCALIBRATED	-92.26837	-150.54321	-327.11182	-64.82849	-129.25873	-294.01093	3
1574216350865	TYPE_GYROSCOPE_UNCALIBRATED	0.14924622	0.08483887	-0.1525116	-7.7819824E-4	-2.2888184E-4	4.4250488E-4	3
1574216350865	TYPE_ACCELEROMETER_UNCALIBRATED	-0.62039185	0.3740692	5.570221	0.0	0.0	0.0	3
1574216350885	TYPE_ACCELEROMETER	-1.6630707	1.2611237	5.317032	2
1574216350885	TYPE_MAGNETIC_FIELD	-27.43988	-21.97876	-33.10089	3
1574216350885	TYPE_GYROSCOPE	0.02859497	0.21875	-0.0315094	3
1574216350885	TYPE_ROTATION_VECTOR	0.07241498	-0.038938712	-0.86706215	3
1574216350885	TYPE_MAGNETIC_FIELD_UNCALIBRATED	-92.26837	-151.23749	-327.11182	-64.82849	-129.25873	-294.01093	3
1574216350885	TYPE_GYROSCOPE_UNCALIBRATED	0.027816772	0.21852112	-0.031066895	-7.7819824E-4	-2.2888184E-4	4.4250488E-4	3
1574216350885	TYPE_ACCELEROMETER_UNCALIBRATED	-1.8863373	1.3311615	4.2330627	0.0	0.0	0.0	3
1574216350904	TYPE_ACCELEROMETER	-0.36361694	0.76013184	6.669754	2
1574216350904	TYPE_MAGNETIC_FIELD	-28.134155	-21.97876	-33.772278	3
1574216350904	TYPE_GYROSCOPE	-0.13227844	-0.027328491	-0.0032806396	3
1574216350904	TYPE_ROTATION_VECTOR	0.07242697	-0.037776545	-0.8666919	3
1574216350904	TYPE_MAGNETIC_FIELD_UNCALIBRATED	-92.96265	-151.23749	-327.7832	-64.82849	-129.25873	-294.01093	3
1574216350904	TYPE_GYROSCOPE_UNCALIBRATED	-0.13305664	-0.027557373	-0.0028381348	-7.7819824E-4	-2.2888184E-4	4.4250488E-4	3
1574216350904	TYPE_ACCELEROMETER_UNCALIBRATED	-0.82629395	0.8337555	6.407593	0.0	0.0	0.0	3
1574216350924	TYPE_ACCELEROMETER	-0.23551941	0.56500244	6.9444885	2
1574216350924	TYPE_MAGNETIC_FIELD	-26.747131	-22.673035	-33.10089	3
1574216350924	TYPE_GYROSCOPE	-0.23347473	-0.059280396	-0.06932068	3
1574216350924	TYPE_ROTATION_VECTOR	0.07242697	-0.037776545	-0.8666919	3
1574216350924	TYPE_MAGNETIC_FIELD_UNCALIBRATED	-91.57562	-151.93176	-327.11182	-64.82849	-129.25873	-294.01093	3
1574216350924	TYPE_GYROSCOPE_UNCALIBRATED	-0.23425293	-0.059509277	-0.068878174	-7.7819824E-4	-2.2888184E-4	4.4250488E-4	3
1574216350924	TYPE_ACCELEROMETER_UNCALIBRATED	-0.12120056	0.69429016	6.6960907	0.0	0.0	0.0	3
1574216350944	TYPE_ACCELEROMETER	-0.37139893	0.7547455	7.8111877	2
1574216350944	TYPE_MAGNETIC_FIELD	-27.43988	-21.284485	-35.783386	3
1574216350944	TYPE_GYROSCOPE	-0.22015381	-0.008682251	-0.11619568	3
1574216350944	TYPE_ROTATION_VECTOR	0.06919266	-0.03403157	-0.86800325	3
1574216350944	TYPE_MAGNETIC_FIELD_UNCALIBRATED	-92.26837	-150.54321	-329.7943	-64.82849	-129.25873	-294.01093	3
1574216350944	TYPE_GYROSCOPE_UNCALIBRATED	-0.220932	-0.008911133	-0.115753174	-7.7819824E-4	-2.2888184E-4	4.4250488E-4	3
1574216350944	TYPE_ACCELEROMETER_UNCALIBRATED	-0.38336182	0.5787811	7.3826294	0.0	0.0	0.0	3
1574216350964	TYPE_ACCELEROMETER	-0.20799255	1.0953217	8.085327	2
1574216350964	TYPE_MAGNETIC_FIELD	-28.134155	-20.591736	-34.44214	3
1574216350964	TYPE_GYROSCOPE	-0.1993866	-0.10562134	-0.074645996	3
1574216350964	TYPE_ROTATION_VECTOR	0.06710019	-0.032749	-0.8685115	3
1574216350964	TYPE_MAGNETIC_FIELD_UNCALIBRATED	-92.96265	-149.85046	-328.45306	-64.82849	-129.25873	-294.01093	3
1574216350964	TYPE_GYROSCOPE_UNCALIBRATED	-0.2001648	-0.10585022	-0.07420349	-7.7819824E-4	-2.2888184E-4	4.4250488E-4	3
1574216350964	TYPE_ACCELEROMETER_UNCALIBRATED	-0.35702515	0.9911804	8.106873	0.0	0.0	0.0	3
1574216350984	TYPE_ACCELEROMETER	-0.05595398	1.5023346	7.586746	2
1574216350984	TYPE_MAGNETIC_FIELD	-28.134155	-21.284485	-33.772278	3
1574216350984	TYPE_GYROSCOPE	-0.30804443	-0.20523071	-0.051208496	3
1574216350984	TYPE_ROTATION_VECTOR	0.06364325	-0.03127368	-0.86895037	3
1574216350984	TYPE_MAGNETIC_FIELD_UNCALIBRATED	-92.96265	-150.54321	-327.7832	-64.82849	-129.25873	-294.01093	3
1574216350984	TYPE_GYROSCOPE_UNCALIBRATED	-0.30882263	-0.2054596	-0.05076599	-7.7819824E-4	-2.2888184E-4	4.4250488E-4	3
1574216350984	TYPE_ACCELEROMETER_UNCALIBRATED	-0.008666992	1.1671448	7.7058563	0.0	0.0	0.0	3
1574216351004	TYPE_ACCELEROMETER	0.054779053	1.9781799	7.966217	2
1574216351004	TYPE_MAGNETIC_FIELD	-28.134155	-21.284485	-33.772278	3
1574216351004	TYPE_GYROSCOPE	-0.59513855	-0.34158325	0.023361206	3
1574216351004	TYPE_ROTATION_VECTOR	0.06364325	-0.03127368	-0.86895037	3
1574216351004	TYPE_MAGNETIC_FIELD_UNCALIBRATED	-92.96265	-150.54321	-327.7832	-64.82849	-129.25873	-294.01093	3
1574216351004	TYPE_GYROSCOPE_UNCALIBRATED	-0.59591675	-0.34181213	0.023803711	-7.7819824E-4	-2.2888184E-4	4.4250488E-4	3
1574216351004	TYPE_ACCELEROMETER_UNCALIBRATED	-0.12120056	1.8764343	7.7932434	0.0	0.0	0.0	3
1574216351024	TYPE_ACCELEROMETER	0.70181274	1.4388885	8.4665985	2
1574216351024	TYPE_MAGNETIC_FIELD	-28.134155	-20.591736	-33.10089	3
1574216351024	TYPE_GYROSCOPE	-0.9317627	-0.43959045	0.08781433	3
1574216351024	TYPE_ROTATION_VECTOR	0.049467824	-0.023327675	-0.86876166	3
1574216351024	TYPE_MAGNETIC_FIELD_UNCALIBRATED	-92.96265	-149.85046	-327.11182	-64.82849	-129.25873	-294.01093	3
1574216351024	TYPE_GYROSCOPE_UNCALIBRATED	-0.9325409	-0.43981934	0.088256836	-7.7819824E-4	-2.2888184E-4	4.4250488E-4	3
1574216351024	TYPE_ACCELEROMETER_UNCALIBRATED	0.38757324	1.8411102	8.181702	0.0	0.0	0.0	3
1574216351043	TYPE_ACCELEROMETER	0.48094177	0.559021	9.937241	2
1574216351043	TYPE_MAGNETIC_FIELD	-28.134155	-18.510437	-31.76117	3
1574216351043	TYPE_GYROSCOPE	-1.2715759	-0.41082764	0.08088684	3
1574216351043	TYPE_ROTATION_VECTOR	0.039344434	-0.015245761	-0.86860794	3
1574216351043	TYPE_MAGNETIC_FIELD_UNCALIBRATED	-92.96265	-147.76917	-325.7721	-64.82849	-129.25873	-294.01093	3
1574216351043	TYPE_GYROSCOPE_UNCALIBRATED	-1.2723541	-0.41105652	0.081329346	-7.7819824E-4	-2.2888184E-4	4.4250488E-4	3
1574216351043	TYPE_ACCELEROMETER_UNCALIBRATED	0.72216797	0.937912	8.990936	0.0	0.0	0.0	3
1574216351063	TYPE_ACCELEROMETER	0.51086426	-0.22207642	13.113159	2
1574216351063	TYPE_MAGNETIC_FIELD	-28.82843	-19.203186	-35.112	3
1574216351063	TYPE_GYROSCOPE	-1.33815	-0.15249634	0.093673706	3
1574216351063	TYPE_ROTATION_VECTOR	0.039344434	-0.015245761	-0.86860794	3
1574216351063	TYPE_MAGNETIC_FIELD_UNCALIBRATED	-93.65692	-148.46191	-329.12292	-64.82849	-129.25873	-294.01093	3
1574216351063	TYPE_GYROSCOPE_UNCALIBRATED	-1.3389282	-0.15272522	0.09411621	-7.7819824E-4	-2.2888184E-4	4.4250488E-4	3
1574216351063	TYPE_ACCELEROMETER_UNCALIBRATED	0.36961365	0.18733215	11.360596	0.0	0.0	0.0	3
1574216351083	TYPE_ACCELEROMETER	0.6754608	-0.095184326	16.041855	2
1574216351083	TYPE_MAGNETIC_FIELD	-30.215454	-17.816162	-35.112	3
1574216351083	TYPE_GYROSCOPE	-0.8300171	0.23100281	0.004714966	3
1574216351083	TYPE_ROTATION_VECTOR	0.030610427	-0.004467823	-0.86868066	3
1574216351083	TYPE_MAGNETIC_FIELD_UNCALIBRATED	-95.043945	-147.07489	-329.12292	-64.82849	-129.25873	-294.01093	3
1574216351083	TYPE_GYROSCOPE_UNCALIBRATED	-1.3389282	-0.15272522	0.09411621	-7.7819824E-4	-2.2888184E-4	4.4250488E-4	3
1574216351083	TYPE_ACCELEROMETER_UNCALIBRATED	0.6616974	-0.33580017	14.81842	0.0	0.0	0.0	3
1574216351103	TYPE_ACCELEROMETER	0.030822754	0.47702026	16.36029	2
1574216351103	TYPE_MAGNETIC_FIELD	-28.82843	-16.429138	-33.10089	3
1574216351103	TYPE_GYROSCOPE	-0.13865662	0.54260254	-0.091156006	3
1574216351103	TYPE_ROTATION_VECTOR	0.031121537	0.0070821596	-0.86917067	3
1574216351103	TYPE_MAGNETIC_FIELD_UNCALIBRATED	-93.65692	-145.68787	-327.11182	-64.82849	-129.25873	-294.01093	3
1574216351103	TYPE_GYROSCOPE_UNCALIBRATED	-0.13943481	0.54237366	-0.0907135	-7.7819824E-4	-2.2888184E-4	4.4250488E-4	3
1574216351103	TYPE_ACCELEROMETER_UNCALIBRATED	0.46896362	0.24717712	16.496155	0.0	0.0	0.0	3
1574216351123	TYPE_ACCELEROMETER	-0.46417236	0.34953308	16.419556	2
1574216351123	TYPE_MAGNETIC_FIELD	-27.43988	-17.121887	-33.772278	3
1574216351123	TYPE_GYROSCOPE	-0.117889404	0.502121	-0.12791443	3
1574216351123	TYPE_ROTATION_VECTOR	0.031121537	0.0070821596	-0.86917067	3
1574216351123	TYPE_MAGNETIC_FIELD_UNCALIBRATED	-92.26837	-146.38062	-327.7832	-64.82849	-129.25873	-294.01093	3
1574216351123	TYPE_GYROSCOPE_UNCALIBRATED	-0.1186676	0.5018921	-0.12747192	-7.7819824E-4	-2.2888184E-4	4.4250488E-4	3
1574216351123	TYPE_ACCELEROMETER_UNCALIBRATED	-0.3175354	0.49917603	16.18013	0.0	0.0	0.0	3
1574216351143	TYPE_ACCELEROMETER	-2.1413116	0.86787415	17.598083	2
1574216351143	TYPE_MAGNETIC_FIELD	-28.134155	-15.734863	-34.44214	3
1574216351143	TYPE_GYROSCOPE	-0.24945068	0.40570068	-0.27119446	3
1574216351143	TYPE_ROTATION_VECTOR	0.037337936	0.014490766	-0.8703781	3
1574216351143	TYPE_MAGNETIC_FIELD_UNCALIBRATED	-92.96265	-144.99359	-328.45306	-64.82849	-129.25873	-294.01093	3
1574216351143	TYPE_GYROSCOPE_UNCALIBRATED	-0.25022888	0.4054718	-0.27075195	-7.7819824E-4	-2.2888184E-4	4.4250488E-4	3
1574216351143	TYPE_ACCELEROMETER_UNCALIBRATED	-0.8891449	0.29266357	17.026474	0.0	0.0	0.0	3
1574216351163	TYPE_ACCELEROMETER	-4.0345306	1.2276001	18.371414	2
1574216351163	TYPE_MAGNETIC_FIELD	-28.134155	-14.347839	-36.453247	3
1574216351163	TYPE_GYROSCOPE	-0.037460327	0.28373718	-0.16093445	3
1574216351163	TYPE_ROTATION_VECTOR	0.037337936	0.014490766	-0.8703781	3
1574216351163	TYPE_MAGNETIC_FIELD_UNCALIBRATED	-92.96265	-143.60657	-330.46417	-64.82849	-129.25873	-294.01093	3
1574216351163	TYPE_GYROSCOPE_UNCALIBRATED	-0.038238525	0.2835083	-0.16049194	-7.7819824E-4	-2.2888184E-4	4.4250488E-4	3
1574216351163	TYPE_ACCELEROMETER_UNCALIBRATED	-3.5173798	1.4700165	18.075134	0.0	0.0	0.0	3
1574216351182	TYPE_ACCELEROMETER	-3.1911774	0.61169434	16.720612	2
1574216351182	TYPE_MAGNETIC_FIELD	-26.747131	-15.040588	-36.453247	3
1574216351182	TYPE_GYROSCOPE	0.4941101	-0.110946655	0.029754639	3
1574216351182	TYPE_ROTATION_VECTOR	0.041014552	0.016491951	-0.87017024	3
1574216351182	TYPE_MAGNETIC_FIELD_UNCALIBRATED	-91.57562	-144.29932	-330.46417	-64.82849	-129.25873	-294.01093	3
1574216351182	TYPE_GYROSCOPE_UNCALIBRATED	-0.038238525	0.2835083	-0.16049194	-7.7819824E-4	-2.2888184E-4	4.4250488E-4	3
1574216351182	TYPE_ACCELEROMETER_UNCALIBRATED	-3.862152	0.81759644	18.033844	0.0	0.0	0.0	3
1574216351202	TYPE_ACCELEROMETER	-1.8647919	0.15979004	12.248856	2
1574216351202	TYPE_MAGNETIC_FIELD	-26.052856	-15.040588	-35.783386	3
1574216351202	TYPE_GYROSCOPE	1.0911865	-0.27287292	0.20872498	3
1574216351202	TYPE_ROTATION_VECTOR	0.043345913	0.012053935	-0.86965066	3
1574216351202	TYPE_MAGNETIC_FIELD_UNCALIBRATED	-90.88135	-144.29932	-329.7943	-64.82849	-129.25873	-294.01093	3
1574216351202	TYPE_GYROSCOPE_UNCALIBRATED	1.0904083	-0.2731018	0.20916748	-7.7819824E-4	-2.2888184E-4	4.4250488E-4	3
1574216351202	TYPE_ACCELEROMETER_UNCALIBRATED	-2.399887	0.43572998	14.545486	0.0	0.0	0.0	3
1574216351222	TYPE_ACCELEROMETER	-1.1728668	-0.7153015	9.054977	2
1574216351222	TYPE_MAGNETIC_FIELD	-26.747131	-15.734863	-35.783386	3
1574216351222	TYPE_GYROSCOPE	1.2546997	-0.23027039	0.3083191	3
1574216351222	TYPE_ROTATION_VECTOR	0.050653517	-0.009737063	-0.86732584	3
1574216351222	TYPE_MAGNETIC_FIELD_UNCALIBRATED	-91.57562	-144.99359	-329.7943	-64.82849	-129.25873	-294.01093	3
1574216351222	TYPE_GYROSCOPE_UNCALIBRATED	1.2539215	-0.23049927	0.3087616	-7.7819824E-4	-2.2888184E-4	4.4250488E-4	3
1574216351222	TYPE_ACCELEROMETER_UNCALIBRATED	-1.4314423	-0.30947876	10.432251	0.0	0.0	0.0	3
1574216351252	TYPE_WIFI	Xiaomi_D35F	50:64:2b:c5:d3:60	-60	2417	1574216349512
1574216351252	TYPE_WIFI	Xiaomi_D35F_5G	50:64:2b:c5:d3:61	-71	5785	1574216350648
1574216351252	TYPE_WIFI	ChinaNet-FqEm	7c:76:30:c8:26:90	-71	2412	1574216340930
1574216351252	TYPE_WIFI		04:40:a9:fa:a3:53	-72	2437	1574216341210
1574216351252	TYPE_WIFI	JOY CITY	04:40:a9:fa:a3:50	-73	2437	1574216341210
1574216351252	TYPE_WIFI		04:40:a9:fa:a3:51	-74	2437	1574216341210
1574216351252	TYPE_WIFI	MoMo WiFi	00:1f:7a:3d:16:51	-76	2472	1574216350200
1574216351252	TYPE_WIFI	Init	00:1f:7a:41:6d:70	-76	2412	1574216331466
1574216351252	TYPE_WIFI	Init	00:1f:7a:41:6d:78	-76	5220	1574216350389
1574216351252	TYPE_WIFI	太二酸菜鱼	00:1f:7a:41:6d:79	-76	5220	1574216350390
1574216351252	TYPE_WIFI	My-WiFi	00:1f:7a:3d:16:50	-77	2472	1574216350193
1574216351252	TYPE_WIFI	My-WiFi	00:1f:7a:3d:18:d0	-77	2447	1574216349844
1574216351252	TYPE_WIFI	Xiaomi_L07	40:31:3c:d0:77:9d	-78	2422	1574216337293
1574216351252	TYPE_WIFI	KCY	50:64:2b:c5:d5:04	-79	2412	1574216340911
1574216351252	TYPE_WIFI	MoMo WiFi	00:1f:7a:3d:18:d1	-79	2447	1574216349846
1574216351252	TYPE_WIFI	KCY	50:64:2b:c5:d5:05	-79	5745	1574216341947
1574216351252	TYPE_WIFI	360行车记录仪-AD19	d0:fa:1d:8c:ad:19	-80	2447	1574216341324
1574216351252	TYPE_WIFI	HP-Print-3D-LaserJet Pro MFP	9c:30:5b:b0:78:3d	-82	2437	1574216341203
1574216351252	TYPE_WIFI	MoMo WiFi	00:1f:7a:3d:18:d9	-83	5200	1574216341790
1574216351252	TYPE_WIFI	My-WiFi	00:1f:7a:3d:18:d8	-83	5200	1574216341789
1574216351252	TYPE_WIFI	太二酸菜鱼	00:1f:7a:41:6d:71	-83	2412	1574216340886
1574216351252	TYPE_WIFI	ChinaNet-QNUh	54:e0:61:cc:00:49	-84	2412	1574216339030
1574216351252	TYPE_WIFI		04:40:a9:fa:a3:41	-85	5785	1574216342080
1574216351252	TYPE_WIFI	@PHICOMM_kang	2c:b2:1a:e5:ba:5e	-85	2427	1574216349644
1574216351252	TYPE_WIFI	JOY CITY	04:40:a9:fa:a3:40	-86	5785	1574216342080
1574216351252	TYPE_WIFI	ChinaNet-5pVd	14:09:dc:38:cf:3c	-86	2462	1574216350068
1574216351252	TYPE_WIFI	501	d4:ee:07:25:8e:0c	-86	2422	1574216333475
1574216351252	TYPE_WIFI		14:d1:69:04:ee:25	-87	2412	1574216340947
1574216351252	TYPE_WIFI	太二酸菜鱼	00:1f:7a:40:c1:d1	-87	2462	1574216350086
1574216351252	TYPE_WIFI	JOY CITY	04:40:a9:fb:2e:80	-87	5180	1574216326549
1574216351252	TYPE_WIFI		04:40:a9:fb:2e:81	-87	5180	1574216326550
1574216351252	TYPE_WIFI	RLS-12	a8:0c:ca:02:32:0b	-87	2412	1574216339039
1574216351252	TYPE_WIFI		04:40:a9:fd:dd:d3	-87	2462	1574216333947
1574216351252	TYPE_WIFI	My-WiFi	00:1f:7a:3d:16:58	-88	5180	1574216324697
1574216351252	TYPE_WIFI	MoMo WiFi	00:1f:7a:3d:16:59	-88	5180	1574216324697
1574216351252	TYPE_WIFI		04:40:a9:fd:dd:d0	-88	2462	1574216332101
1574216351252	TYPE_WIFI	ChinaNet-momo	74:9d:8f:ad:0a:68	-89	2457	1574216333929
1574216351252	TYPE_WIFI	KCY	50:64:2b:c5:c9:70	-89	2412	1574216349415
1574216351252	TYPE_WIFI	Xiaomi_L07_5G	40:31:3c:d0:77:9e	-89	5785	1574216334521
1574216351252	TYPE_WIFI	ChinaNet-EZ4d	5c:09:79:ef:68:14	-89	2462	1574216339645
1574216351252	TYPE_WIFI	ZTYJ	bc:5f:f6:95:e6:74	-89	2412	1574216340911
1574216351252	TYPE_WIFI	TS-YXL	74:05:a5:b8:81:a7	-90	5745	1574216350472
1574216351252	TYPE_WIFI	ChinaNet-XUyV	54:e0:61:69:c7:59	-91	2412	1574216340935
1574216351252	TYPE_WIFI	Init	00:1f:7a:40:c1:d0	-91	2462	1574216350084
1574216351252	TYPE_WIFI		04:40:a9:a1:8f:11	-91	2412	1574216339039
1574216351252	TYPE_WIFI	TP-LINK_1101	a8:57:4e:e1:62:94	-91	2412	1574216335225
1574216351252	TYPE_WIFI		08:68:8d:25:d5:97	-91	2437	1574216349759
1574216351252	TYPE_WIFI	dayuecheng	04:40:a9:a1:33:70	-92	2462	1574216333976
1574216351252	TYPE_WIFI	ChinaNet-iqNW	14:09:dc:38:c4:d0	-93	2462	1574216335862
1574216351242	TYPE_ACCELEROMETER	-1.9120636	-0.6171417	7.2802734	2
1574216351242	TYPE_MAGNETIC_FIELD	-28.134155	-15.040588	-35.783386	3
1574216351242	TYPE_GYROSCOPE	1.0267487	-0.073135376	0.36105347	3
1574216351242	TYPE_ROTATION_VECTOR	0.050653517	-0.009737063	-0.86732584	3
1574216351242	TYPE_MAGNETIC_FIELD_UNCALIBRATED	-92.96265	-144.29932	-329.7943	-64.82849	-129.25873	-294.01093	3
1574216351242	TYPE_GYROSCOPE_UNCALIBRATED	1.0259705	-0.07336426	0.36149597	-7.7819824E-4	-2.2888184E-4	4.4250488E-4	3
1574216351242	TYPE_ACCELEROMETER_UNCALIBRATED	-1.367981	-0.79730225	7.9680176	0.0	0.0	0.0	3
1574216351262	TYPE_ACCELEROMETER	-2.4729156	-0.64945984	7.3784485	2
1574216351262	TYPE_MAGNETIC_FIELD	-26.747131	-17.816162	-33.772278	3
1574216351262	TYPE_GYROSCOPE	0.64697266	0.052581787	0.464386	3
1574216351262	TYPE_ROTATION_VECTOR	0.05532171	-0.018185666	-0.8653395	3
1574216351262	TYPE_MAGNETIC_FIELD_UNCALIBRATED	-91.57562	-147.07489	-327.7832	-64.82849	-129.25873	-294.01093	3
1574216351262	TYPE_GYROSCOPE_UNCALIBRATED	0.64619446	0.052352905	0.4648285	-7.7819824E-4	-2.2888184E-4	4.4250488E-4	3
1574216351262	TYPE_ACCELEROMETER_UNCALIBRATED	-2.311905	-0.6003723	7.179123	0.0	0.0	0.0	3
1574216351282	TYPE_ACCELEROMETER	-2.1754303	-0.5782318	7.4430847	2
1574216351282	TYPE_MAGNETIC_FIELD	-26.747131	-17.816162	-33.772278	3
1574216351282	TYPE_GYROSCOPE	0.37319946	-0.02998352	0.50379944	3
1574216351282	TYPE_ROTATION_VECTOR	0.05937007	-0.022622058	-0.8628881	3
1574216351282	TYPE_MAGNETIC_FIELD_UNCALIBRATED	-91.57562	-147.07489	-327.7832	-64.82849	-129.25873	-294.01093	3
1574216351282	TYPE_GYROSCOPE_UNCALIBRATED	0.37242126	-0.030212402	0.50424194	-7.7819824E-4	-2.2888184E-4	4.4250488E-4	3
1574216351282	TYPE_ACCELEROMETER_UNCALIBRATED	-2.4453735	-0.5866089	7.499954	0.0	0.0	0.0	3
1574216351302	TYPE_ACCELEROMETER	-1.3105316	-0.6296997	6.9989624	2
1574216351302	TYPE_MAGNETIC_FIELD	-27.43988	-17.121887	-35.112	3
1574216351302	TYPE_GYROSCOPE	0.25016785	-0.13865662	0.44413757	3
1574216351302	TYPE_ROTATION_VECTOR	0.061126776	-0.027533509	-0.85827017	3
1574216351302	TYPE_MAGNETIC_FIELD_UNCALIBRATED	-92.26837	-146.38062	-329.12292	-64.82849	-129.25873	-294.01093	3
1574216351302	TYPE_GYROSCOPE_UNCALIBRATED	0.24938965	-0.1388855	0.44458008	-7.7819824E-4	-2.2888184E-4	4.4250488E-4	3
1574216351302	TYPE_ACCELEROMETER_UNCALIBRATED	-1.7750092	-0.611145	7.2371826	0.0	0.0	0.0	3
1574216351321	TYPE_ACCELEROMETER	-0.37557983	-0.39987183	6.5290985	2
1574216351321	TYPE_MAGNETIC_FIELD	-28.134155	-16.429138	-34.44214	3
1574216351321	TYPE_GYROSCOPE	0.17134094	-0.2472992	0.31843567	3
1574216351321	TYPE_ROTATION_VECTOR	0.061126776	-0.027533509	-0.85827017	3
1574216351321	TYPE_MAGNETIC_FIELD_UNCALIBRATED	-92.96265	-145.68787	-328.45306	-64.82849	-129.25873	-294.01093	3
1574216351321	TYPE_GYROSCOPE_UNCALIBRATED	0.17056274	-0.24752808	0.31887817	-7.7819824E-4	-2.2888184E-4	4.4250488E-4	3
1574216351321	TYPE_ACCELEROMETER_UNCALIBRATED	-0.8514252	-0.5680542	6.7631226	0.0	0.0	0.0	3
1574216351341	TYPE_ACCELEROMETER	0.18106079	0.0041656494	6.1262817	2
1574216351341	TYPE_MAGNETIC_FIELD	-28.134155	-15.040588	-33.772278	3
1574216351341	TYPE_GYROSCOPE	0.062683105	-0.37088013	0.19059753	3
1574216351341	TYPE_ROTATION_VECTOR	0.056134474	-0.032356232	-0.85614985	3
1574216351341	TYPE_MAGNETIC_FIELD_UNCALIBRATED	-92.96265	-144.29932	-327.7832	-64.82849	-129.25873	-294.01093	3
1574216351341	TYPE_GYROSCOPE_UNCALIBRATED	0.061904907	-0.371109	0.19104004	-7.7819824E-4	-2.2888184E-4	4.4250488E-4	3
1574216351341	TYPE_ACCELEROMETER_UNCALIBRATED	0.010482788	-0.20652771	6.305237	0.0	0.0	0.0	3
1574216351361	TYPE_ACCELEROMETER	0.36541748	0.41836548	5.8282013	2
1574216351361	TYPE_MAGNETIC_FIELD	-27.43988	-16.429138	-33.10089	3
1574216351361	TYPE_GYROSCOPE	0.027526855	-0.37193298	0.10272217	3
1574216351361	TYPE_ROTATION_VECTOR	0.052722823	-0.034611575	-0.85583365	3
1574216351361	TYPE_MAGNETIC_FIELD_UNCALIBRATED	-92.26837	-145.68787	-327.11182	-64.82849	-129.25873	-294.01093	3
1574216351361	TYPE_GYROSCOPE_UNCALIBRATED	0.026748657	-0.37216187	0.10316467	-7.7819824E-4	-2.2888184E-4	4.4250488E-4	3
1574216351361	TYPE_ACCELEROMETER_UNCALIBRATED	0.2714386	0.23042297	5.988617	0.0	0.0	0.0	3
1574216351381	TYPE_ACCELEROMETER	0.40551758	0.65838623	5.3343964	2
1574216351381	TYPE_MAGNETIC_FIELD	-28.82843	-16.429138	-33.10089	3
1574216351381	TYPE_GYROSCOPE	0.06907654	-0.22174072	0.05479431	3
1574216351381	TYPE_ROTATION_VECTOR	0.05089948	-0.036541495	-0.8555555	3
1574216351381	TYPE_MAGNETIC_FIELD_UNCALIBRATED	-93.65692	-145.68787	-327.11182	-64.82849	-129.25873	-294.01093	3
1574216351381	TYPE_GYROSCOPE_UNCALIBRATED	0.06829834	-0.2219696	0.055236816	-7.7819824E-4	-2.2888184E-4	4.4250488E-4	3
1574216351381	TYPE_ACCELEROMETER_UNCALIBRATED	0.41151428	0.5769806	5.610321	0.0	0.0	0.0	3
1574216350442	TYPE_BLUE		2F:95:F1:E9:06:75	-92
1574216350442	TYPE_BLU4	55384	14416	-92
1574216350540	TYPE_BLUE		2F:95:F1:E9:06:75	-90
1574216350540	TYPE_BLU4	55384	14416	-90
1574216350753	TYPE_BLUE		2F:95:F1:E9:06:75	-98
1574216350753	TYPE_BLU4	55384	14416	-98
1574216350855	TYPE_BLUE		2F:95:F1:E9:06:75	-97
1574216350855	TYPE_BLU4	55384	14416	-97
1574216351401	TYPE_ACCELEROMETER	0.20501709	0.6589813	5.033325	2
1574216351401	TYPE_MAGNETIC_FIELD	-28.82843	-16.429138	-33.10089	3
1574216351401	TYPE_GYROSCOPE	-0.0065612793	-0.08325195	0.029220581	3
1574216351401	TYPE_ROTATION_VECTOR	0.049985737	-0.037061542	-0.8553292	3
1574216351401	TYPE_MAGNETIC_FIELD_UNCALIBRATED	-93.65692	-145.68787	-327.11182	-64.82849	-129.25873	-294.01093	3
1574216351401	TYPE_GYROSCOPE_UNCALIBRATED	-0.0073394775	-0.083480835	0.029663086	-7.7819824E-4	-2.2888184E-4	4.4250488E-4	3
1574216351401	TYPE_ACCELEROMETER_UNCALIBRATED	0.3570404	0.66137695	5.080597	0.0	0.0	0.0	3
1574216351421	TYPE_ACCELEROMETER	-0.22953796	0.5446625	5.264969	2
1574216351421	TYPE_MAGNETIC_FIELD	-28.82843	-15.040588	-33.10089	3
1574216351421	TYPE_GYROSCOPE	-0.13121033	-0.009750366	0.032409668	3
1574216351421	TYPE_ROTATION_VECTOR	0.04921267	-0.035977807	-0.85502297	3
1574216351421	TYPE_MAGNETIC_FIELD_UNCALIBRATED	-93.65692	-144.29932	-327.11182	-64.82849	-129.25873	-294.01093	3
1574216351421	TYPE_GYROSCOPE_UNCALIBRATED	-0.13198853	-0.009979248	0.032852173	-7.7819824E-4	-2.2888184E-4	4.4250488E-4	3
1574216351421	TYPE_ACCELEROMETER_UNCALIBRATED	-0.021240234	0.6098938	5.1524353	0.0	0.0	0.0	3
1574216351441	TYPE_ACCELEROMETER	-0.4085083	0.5548401	5.6348724	2
1574216351441	TYPE_MAGNETIC_FIELD	-29.52118	-13.653564	-34.44214	3
1574216351441	TYPE_GYROSCOPE	-0.30004883	-0.047027588	0.061172485	3
1574216351441	TYPE_ROTATION_VECTOR	0.047327682	-0.03361886	-0.8545488	3
1574216351441	TYPE_MAGNETIC_FIELD_UNCALIBRATED	-94.34967	-142.9123	-328.45306	-64.82849	-129.25873	-294.01093	3
1574216351441	TYPE_GYROSCOPE_UNCALIBRATED	-0.13198853	-0.009979248	0.032852173	-7.7819824E-4	-2.2888184E-4	4.4250488E-4	3
1574216351441	TYPE_ACCELEROMETER_UNCALIBRATED	-0.37019348	0.54286194	5.4145966	0.0	0.0	0.0	3
1574216351460	TYPE_ACCELEROMETER	-0.40611267	0.73739624	6.2280273	2
1574216351460	TYPE_MAGNETIC_FIELD	-29.52118	-15.040588	-33.10089	3
1574216351460	TYPE_GYROSCOPE	-0.42788696	-0.068878174	0.05105591	3
1574216351460	TYPE_ROTATION_VECTOR	0.04462974	-0.030362075	-0.8542049	3
1574216351460	TYPE_MAGNETIC_FIELD_UNCALIBRATED	-94.34967	-144.29932	-327.11182	-64.82849	-129.25873	-294.01093	3
1574216351460	TYPE_GYROSCOPE_UNCALIBRATED	-0.42866516	-0.069107056	0.051498413	-7.7819824E-4	-2.2888184E-4	4.4250488E-4	3
1574216351460	TYPE_ACCELEROMETER_UNCALIBRATED	-0.39175415	0.5901489	5.9239655	0.0	0.0	0.0	3
1574216351480	TYPE_ACCELEROMETER	-0.4474182	1.0043488	6.795456	2
1574216351480	TYPE_MAGNETIC_FIELD	-29.52118	-12.266541	-35.112	3
1574216351480	TYPE_GYROSCOPE	-0.54400635	-0.06567383	0.004714966	3
1574216351480	TYPE_ROTATION_VECTOR	0.04146121	-0.02618249	-0.8539267	3
1574216351480	TYPE_MAGNETIC_FIELD_UNCALIBRATED	-94.34967	-141.52527	-329.12292	-64.82849	-129.25873	-294.01093	3
1574216351480	TYPE_GYROSCOPE_UNCALIBRATED	-0.54478455	-0.06590271	0.0051574707	-7.7819824E-4	-2.2888184E-4	4.4250488E-4	3
1574216351480	TYPE_ACCELEROMETER_UNCALIBRATED	-0.42108154	0.90678406	6.483017	0.0	0.0	0.0	3
1574216351500	TYPE_ACCELEROMETER	-0.5473633	1.3425293	7.83873	2
1574216351500	TYPE_MAGNETIC_FIELD	-28.134155	-13.653564	-34.44214	3
1574216351500	TYPE_GYROSCOPE	-0.62867737	-0.04597473	-0.056015015	3
1574216351500	TYPE_ROTATION_VECTOR	0.038138345	-0.021289945	-0.85396683	3
1574216351500	TYPE_MAGNETIC_FIELD_UNCALIBRATED	-92.96265	-142.9123	-328.45306	-64.82849	-129.25873	-294.01093	3
1574216351500	TYPE_GYROSCOPE_UNCALIBRATED	-0.62945557	-0.046203613	-0.05557251	-7.7819824E-4	-2.2888184E-4	4.4250488E-4	3
1574216351500	TYPE_ACCELEROMETER_UNCALIBRATED	-0.5180359	1.1360321	7.2958374	0.0	0.0	0.0	3
1574216351520	TYPE_ACCELEROMETER	-0.45758057	1.5783539	8.582123	2
1574216351520	TYPE_MAGNETIC_FIELD	-28.134155	-13.653564	-34.44214	3
1574216351520	TYPE_GYROSCOPE	-0.6073761	0.0818634	-0.082107544	3
1574216351520	TYPE_ROTATION_VECTOR	0.03602095	-0.016065758	-0.8540268	3
1574216351520	TYPE_MAGNETIC_FIELD_UNCALIBRATED	-92.96265	-142.9123	-328.45306	-64.82849	-129.25873	-294.01093	3
1574216351520	TYPE_GYROSCOPE_UNCALIBRATED	-0.6081543	0.08163452	-0.08166504	-7.7819824E-4	-2.2888184E-4	4.4250488E-4	3
1574216351520	TYPE_ACCELEROMETER_UNCALIBRATED	-0.5180359	1.5035248	8.239151	0.0	0.0	0.0	3
1574216351540	TYPE_ACCELEROMETER	-0.29597473	1.4945526	9.480545	2
1574216351540	TYPE_MAGNETIC_FIELD	-26.747131	-14.347839	-34.44214	3
1574216351540	TYPE_GYROSCOPE	-0.622818	0.26615906	-0.11833191	3
1574216351540	TYPE_ROTATION_VECTOR	0.03526365	-0.009795072	-0.85429466	3
1574216351540	TYPE_MAGNETIC_FIELD_UNCALIBRATED	-91.57562	-143.60657	-328.45306	-64.82849	-129.25873	-294.01093	3
1574216351540	TYPE_GYROSCOPE_UNCALIBRATED	-0.6235962	0.26593018	-0.117889404	-7.7819824E-4	-2.2888184E-4	4.4250488E-4	3
1574216351540	TYPE_ACCELEROMETER_UNCALIBRATED	-0.36540222	1.5783539	8.96759	0.0	0.0	0.0	3
1574216351560	TYPE_ACCELEROMETER	-0.2750244	1.124054	11.107407	2
1574216351560	TYPE_MAGNETIC_FIELD	-26.747131	-13.653564	-34.44214	3
1574216351560	TYPE_GYROSCOPE	-0.796463	0.24911499	-0.13697815	3
1574216351560	TYPE_ROTATION_VECTOR	0.033324443	-0.002055007	-0.8547077	3
1574216351560	TYPE_MAGNETIC_FIELD_UNCALIBRATED	-91.57562	-142.9123	-328.45306	-64.82849	-129.25873	-294.01093	3
1574216351560	TYPE_GYROSCOPE_UNCALIBRATED	-0.6235962	0.26593018	-0.117889404	-7.7819824E-4	-2.2888184E-4	4.4250488E-4	3
1574216351560	TYPE_ACCELEROMETER_UNCALIBRATED	-0.2941742	1.3437195	10.171875	0.0	0.0	0.0	3
1574216351580	TYPE_ACCELEROMETER	-0.2816162	0.61408997	13.535736	2
1574216351580	TYPE_MAGNETIC_FIELD	-27.43988	-12.95929	-34.44214	3
1574216351580	TYPE_GYROSCOPE	-1.003128	0.13619995	-0.09648132	3
1574216351580	TYPE_ROTATION_VECTOR	0.033324443	-0.002055007	-0.8547077	3
1574216351580	TYPE_MAGNETIC_FIELD_UNCALIBRATED	-92.26837	-142.21802	-328.45306	-64.82849	-129.25873	-294.01093	3
1574216351580	TYPE_GYROSCOPE_UNCALIBRATED	-1.0039062	0.13597107	-0.09603882	-7.7819824E-4	-2.2888184E-4	4.4250488E-4	3
1574216351580	TYPE_ACCELEROMETER_UNCALIBRATED	-0.213974	0.8247833	12.230896	0.0	0.0	0.0	3
1574216351599	TYPE_ACCELEROMETER	-0.9274597	1.0354614	16.615265	2
1574216351599	TYPE_MAGNETIC_FIELD	-28.134155	-11.572266	-34.44214	3
1574216351599	TYPE_GYROSCOPE	-0.86782837	0.18626404	-0.06187439	3
1574216351599	TYPE_ROTATION_VECTOR	0.02652092	0.014877265	-0.85470897	3
1574216351599	TYPE_MAGNETIC_FIELD_UNCALIBRATED	-92.96265	-140.831	-328.45306	-64.82849	-129.25873	-294.01093	3
1574216351599	TYPE_GYROSCOPE_UNCALIBRATED	-0.86860657	0.18603516	-0.061431885	-7.7819824E-4	-2.2888184E-4	4.4250488E-4	3
1574216351599	TYPE_ACCELEROMETER_UNCALIBRATED	-0.53419495	0.6757355	15.206879	0.0	0.0	0.0	3
1574216351619	TYPE_ACCELEROMETER	-0.9753418	1.8806305	17.891983	2
1574216351619	TYPE_MAGNETIC_FIELD	-27.43988	-9.490967	-34.44214	3
1574216351619	TYPE_GYROSCOPE	-0.37780762	0.36042786	-0.0783844	3
1574216351619	TYPE_ROTATION_VECTOR	0.027968306	0.019187897	-0.85429204	3
1574216351619	TYPE_MAGNETIC_FIELD_UNCALIBRATED	-92.26837	-138.7497	-328.45306	-64.82849	-129.25873	-294.01093	3
1574216351619	TYPE_GYROSCOPE_UNCALIBRATED	-0.37858582	0.36019897	-0.077941895	-7.7819824E-4	-2.2888184E-4	4.4250488E-4	3
1574216351619	TYPE_ACCELEROMETER_UNCALIBRATED	-1.1034241	1.6142731	17.352081	0.0	0.0	0.0	3
1574216351639	TYPE_ACCELEROMETER	-0.35643005	1.5993042	18.427689	2
1574216351639	TYPE_MAGNETIC_FIELD	-27.43988	-10.879517	-35.112	3
1574216351639	TYPE_GYROSCOPE	-0.03213501	0.29013062	-0.3494873	3
1574216351639	TYPE_ROTATION_VECTOR	0.027968306	0.019187897	-0.85429204	3
1574216351639	TYPE_MAGNETIC_FIELD_UNCALIBRATED	-92.26837	-140.13824	-329.12292	-64.82849	-129.25873	-294.01093	3
1574216351639	TYPE_GYROSCOPE_UNCALIBRATED	-0.032913208	0.28990173	-0.3490448	-7.7819824E-4	-2.2888184E-4	4.4250488E-4	3
1574216351639	TYPE_ACCELEROMETER_UNCALIBRATED	-0.7999573	1.7238007	18.281631	0.0	0.0	0.0	3
1574216351659	TYPE_ACCELEROMETER	0.21937561	0.91874695	18.538406	2
1574216351659	TYPE_MAGNETIC_FIELD	-25.358582	-12.266541	-35.112	3
1574216351659	TYPE_GYROSCOPE	-0.06515503	-0.23025513	-0.611557	3
1574216351659	TYPE_ROTATION_VECTOR	0.027436763	0.01906803	-0.85860956	3
1574216351659	TYPE_MAGNETIC_FIELD_UNCALIBRATED	-90.18707	-141.52527	-329.12292	-64.82849	-129.25873	-294.01093	3
1574216351659	TYPE_GYROSCOPE_UNCALIBRATED	-0.032913208	0.28990173	-0.3490448	-7.7819824E-4	-2.2888184E-4	4.4250488E-4	3
1574216351659	TYPE_ACCELEROMETER_UNCALIBRATED	0.18406677	1.4191437	18.449234	0.0	0.0	0.0	3
1574216351679	TYPE_ACCELEROMETER	-0.09605408	-0.31845093	18.306183	2
1574216351679	TYPE_MAGNETIC_FIELD	-26.747131	-12.266541	-35.112	3
1574216351679	TYPE_GYROSCOPE	0.15322876	-0.47047424	-0.65948486	3
1574216351679	TYPE_ROTATION_VECTOR	0.023669686	0.015449615	-0.8621166	3
1574216351679	TYPE_MAGNETIC_FIELD_UNCALIBRATED	-91.57562	-141.52527	-329.12292	-64.82849	-129.25873	-294.01093	3
1574216351679	TYPE_GYROSCOPE_UNCALIBRATED	0.15245056	-0.47070312	-0.65904236	-7.7819824E-4	-2.2888184E-4	4.4250488E-4	3
1574216351679	TYPE_ACCELEROMETER_UNCALIBRATED	-0.035598755	0.19210815	18.626999	0.0	0.0	0.0	3
1574216351699	TYPE_ACCELEROMETER	-0.44082642	-0.72488403	16.773285	2
1574216351699	TYPE_MAGNETIC_FIELD	-28.134155	-10.185242	-35.112	3
1574216351699	TYPE_GYROSCOPE	0.5580292	-0.52267456	-0.4656067	3
1574216351699	TYPE_ROTATION_VECTOR	0.021616837	0.008397205	-0.86457	3
1574216351699	TYPE_MAGNETIC_FIELD_UNCALIBRATED	-92.96265	-139.44397	-329.12292	-64.82849	-129.25873	-294.01093	3
1574216351699	TYPE_GYROSCOPE_UNCALIBRATED	0.557251	-0.52290344	-0.46516418	-7.7819824E-4	-2.2888184E-4	4.4250488E-4	3
1574216351699	TYPE_ACCELEROMETER_UNCALIBRATED	-0.33847046	-0.37890625	17.617249	0.0	0.0	0.0	3
1574216351719	TYPE_ACCELEROMETER	-0.43304443	-0.59439087	13.035934	2
1574216351719	TYPE_MAGNETIC_FIELD	-28.134155	-12.266541	-35.112	3
1574216351719	TYPE_GYROSCOPE	1.0640259	-0.43852234	-0.29942322	3
1574216351719	TYPE_ROTATION_VECTOR	0.022906438	-0.002529169	-0.8661766	3
1574216351719	TYPE_MAGNETIC_FIELD_UNCALIBRATED	-92.96265	-141.52527	-329.12292	-64.82849	-129.25873	-294.01093	3
1574216351719	TYPE_GYROSCOPE_UNCALIBRATED	1.0632477	-0.43875122	-0.2989807	-7.7819824E-4	-2.2888184E-4	4.4250488E-4	3
1574216351719	TYPE_ACCELEROMETER_UNCALIBRATED	-0.2786255	-0.9990082	15.263748	0.0	0.0	0.0	3
1574216351739	TYPE_ACCELEROMETER	-0.22833252	-0.90444946	9.242325	2
1574216351739	TYPE_MAGNETIC_FIELD	-27.43988	-14.347839	-33.772278	3
1574216351739	TYPE_GYROSCOPE	1.2786713	-0.20681763	-0.17372131	3
1574216351739	TYPE_ROTATION_VECTOR	0.027149897	-0.014044024	-0.86713177	3
1574216351739	TYPE_MAGNETIC_FIELD_UNCALIBRATED	-92.26837	-143.60657	-327.7832	-64.82849	-129.25873	-294.01093	3
1574216351739	TYPE_GYROSCOPE_UNCALIBRATED	1.2778931	-0.20704651	-0.17327881	-7.7819824E-4	-2.2888184E-4	4.4250488E-4	3
1574216351739	TYPE_ACCELEROMETER_UNCALIBRATED	-0.44381714	-0.56326294	10.913483	0.0	0.0	0.0	3
1574216351758	TYPE_ACCELEROMETER	-0.033813477	-1.2486115	7.273697	2
1574216351758	TYPE_MAGNETIC_FIELD	-27.43988	-13.653564	-31.76117	3
1574216351758	TYPE_GYROSCOPE	1.0741425	-0.07846069	-0.19023132	3
1574216351758	TYPE_ROTATION_VECTOR	0.031359002	-0.023034053	-0.8680752	3
1574216351758	TYPE_MAGNETIC_FIELD_UNCALIBRATED	-92.26837	-142.9123	-325.7721	-64.82849	-129.25873	-294.01093	3
1574216351758	TYPE_GYROSCOPE_UNCALIBRATED	1.0733643	-0.078689575	-0.18978882	-7.7819824E-4	-2.2888184E-4	4.4250488E-4	3
1574216351758	TYPE_ACCELEROMETER_UNCALIBRATED	-0.09666443	-1.061264	7.9955444	0.0	0.0	0.0	3
1574216351778	TYPE_ACCELEROMETER	-0.1164093	-1.523941	7.0151215	2
1574216351778	TYPE_MAGNETIC_FIELD	-26.747131	-15.734863	-33.10089	3
1574216351778	TYPE_GYROSCOPE	0.68159485	-0.07952881	-0.2578888	3
1574216351778	TYPE_ROTATION_VECTOR	0.031359002	-0.023034053	-0.8680752	3
1574216351778	TYPE_MAGNETIC_FIELD_UNCALIBRATED	-91.57562	-144.99359	-327.11182	-64.82849	-129.25873	-294.01093	3
1574216351778	TYPE_GYROSCOPE_UNCALIBRATED	0.68081665	-0.07975769	-0.2574463	-7.7819824E-4	-2.2888184E-4	4.4250488E-4	3
1574216351778	TYPE_ACCELEROMETER_UNCALIBRATED	-0.07571411	-1.4239807	7.0163116	0.0	0.0	0.0	3
1574216351798	TYPE_ACCELEROMETER	-0.12898254	-1.5879822	7.356903	2
1574216351798	TYPE_MAGNETIC_FIELD	-26.052856	-14.347839	-33.772278	3
1574216351798	TYPE_GYROSCOPE	0.33218384	-0.16207886	-0.31913757	3
1574216351798	TYPE_ROTATION_VECTOR	0.03344098	-0.031298	-0.8712594	3
1574216351798	TYPE_MAGNETIC_FIELD_UNCALIBRATED	-90.88135	-143.60657	-327.7832	-64.82849	-129.25873	-294.01093	3
1574216351798	TYPE_GYROSCOPE_UNCALIBRATED	0.33140564	-0.16230774	-0.31869507	-7.7819824E-4	-2.2888184E-4	4.4250488E-4	3
1574216351798	TYPE_ACCELEROMETER_UNCALIBRATED	-0.115219116	-1.5951691	7.142624	0.0	0.0	0.0	3
1574216351818	TYPE_ACCELEROMETER	-0.16130066	-1.4072266	7.674118	2
1574216351818	TYPE_MAGNETIC_FIELD	-28.134155	-16.429138	-31.091309	3
1574216351818	TYPE_GYROSCOPE	0.19636536	-0.21162415	-0.37452698	3
1574216351818	TYPE_ROTATION_VECTOR	0.03344098	-0.031298	-0.8712594	3
1574216351818	TYPE_MAGNETIC_FIELD_UNCALIBRATED	-92.96265	-145.68787	-325.10223	-64.82849	-129.25873	-294.01093	3
1574216351818	TYPE_GYROSCOPE_UNCALIBRATED	0.33140564	-0.16230774	-0.31869507	-7.7819824E-4	-2.2888184E-4	4.4250488E-4	3
1574216351818	TYPE_ACCELEROMETER_UNCALIBRATED	-0.13856506	-1.5095825	7.5873413	0.0	0.0	0.0	3
1574216351838	TYPE_ACCELEROMETER	-0.23971558	-1.1468506	6.9486847	2
1574216351838	TYPE_MAGNETIC_FIELD	-26.052856	-15.040588	-33.10089	3
1574216351838	TYPE_GYROSCOPE	0.21768188	-0.20150757	-0.38624573	3
1574216351838	TYPE_ROTATION_VECTOR	0.031352207	-0.035271432	-0.87531304	3
1574216351838	TYPE_MAGNETIC_FIELD_UNCALIBRATED	-90.88135	-144.29932	-327.11182	-64.82849	-129.25873	-294.01093	3
1574216351838	TYPE_GYROSCOPE_UNCALIBRATED	0.21690369	-0.20173645	-0.38580322	-7.7819824E-4	-2.2888184E-4	4.4250488E-4	3
1574216351838	TYPE_ACCELEROMETER_UNCALIBRATED	-0.21278381	-1.3006744	7.46463	0.0	0.0	0.0	3
1574216351858	TYPE_ACCELEROMETER	-0.2600708	-0.7739563	5.740814	2
1574216351858	TYPE_MAGNETIC_FIELD	-26.052856	-15.040588	-32.43103	3
1574216351858	TYPE_GYROSCOPE	0.20861816	-0.117874146	-0.35375977	3
1574216351858	TYPE_ROTATION_VECTOR	0.031352207	-0.035271432	-0.87531304	3
1574216351858	TYPE_MAGNETIC_FIELD_UNCALIBRATED	-90.88135	-144.29932	-326.44196	-64.82849	-129.25873	-294.01093	3
1574216351858	TYPE_GYROSCOPE_UNCALIBRATED	0.20783997	-0.11810303	-0.35331726	-7.7819824E-4	-2.2888184E-4	4.4250488E-4	3
1574216351858	TYPE_ACCELEROMETER_UNCALIBRATED	-0.23074341	-0.9547119	6.294464	0.0	0.0	0.0	3
1574216351878	TYPE_ACCELEROMETER	-0.42765808	-0.3453827	5.069824	2
1574216351878	TYPE_MAGNETIC_FIELD	-26.052856	-15.040588	-33.10089	3
1574216351878	TYPE_GYROSCOPE	0.1723938	0.025939941	-0.29570007	3
1574216351878	TYPE_ROTATION_VECTOR	0.031247051	-0.037044182	-0.87699854	3
1574216351878	TYPE_MAGNETIC_FIELD_UNCALIBRATED	-90.88135	-144.29932	-327.11182	-64.82849	-129.25873	-294.01093	3
1574216351878	TYPE_GYROSCOPE_UNCALIBRATED	0.1716156	0.02571106	-0.29525757	-7.7819824E-4	-2.2888184E-4	4.4250488E-4	3
1574216351878	TYPE_ACCELEROMETER_UNCALIBRATED	-0.34625244	-0.57702637	5.3715057	0.0	0.0	0.0	3
1574216351897	TYPE_ACCELEROMETER	-0.46296692	0.060424805	4.472473	2
1574216351897	TYPE_MAGNETIC_FIELD	-26.052856	-15.040588	-33.772278	3
1574216351897	TYPE_GYROSCOPE	0.12339783	0.10903931	-0.25733948	3
1574216351897	TYPE_ROTATION_VECTOR	0.03406165	-0.038231682	-0.8791946	3
1574216351897	TYPE_MAGNETIC_FIELD_UNCALIBRATED	-90.88135	-144.29932	-327.7832	-64.82849	-129.25873	-294.01093	3
1574216351897	TYPE_GYROSCOPE_UNCALIBRATED	0.12261963	0.108810425	-0.25689697	-7.7819824E-4	-2.2888184E-4	4.4250488E-4	3
1574216351897	TYPE_ACCELEROMETER_UNCALIBRATED	-0.46476746	-0.13589478	4.7579803	0.0	0.0	0.0	3
1574216351917	TYPE_ACCELEROMETER	-0.44621277	0.43692017	4.127121	2
1574216351917	TYPE_MAGNETIC_FIELD	-26.052856	-14.347839	-32.43103	3
1574216351917	TYPE_GYROSCOPE	-0.024673462	0.07974243	-0.26107788	3
1574216351917	TYPE_ROTATION_VECTOR	0.03488715	-0.037476845	-0.88011825	3
1574216351917	TYPE_MAGNETIC_FIELD_UNCALIBRATED	-90.88135	-143.60657	-326.44196	-64.82849	-129.25873	-294.01093	3
1574216351917	TYPE_GYROSCOPE_UNCALIBRATED	-0.02545166	0.07951355	-0.26063538	-7.7819824E-4	-2.2888184E-4	4.4250488E-4	3
1574216351917	TYPE_ACCELEROMETER_UNCALIBRATED	-0.45159912	0.27890015	4.2593994	0.0	0.0	0.0	3
1574216351937	TYPE_ACCELEROMETER	-0.4773407	0.58595276	4.289917	2
1574216351937	TYPE_MAGNETIC_FIELD	-25.358582	-15.734863	-32.43103	3
1574216351937	TYPE_GYROSCOPE	-0.2819519	0.0019683838	-0.27705383	3
1574216351937	TYPE_ROTATION_VECTOR	0.03488715	-0.037476845	-0.88011825	3
1574216351937	TYPE_MAGNETIC_FIELD_UNCALIBRATED	-90.18707	-144.99359	-326.44196	-64.82849	-129.25873	-294.01093	3
1574216351937	TYPE_GYROSCOPE_UNCALIBRATED	-0.2827301	0.001739502	-0.27661133	-7.7819824E-4	-2.2888184E-4	4.4250488E-4	3
1574216351937	TYPE_ACCELEROMETER_UNCALIBRATED	-0.46357727	0.5392761	4.0930023	0.0	0.0	0.0	3
1574216351957	TYPE_ACCELEROMETER	-0.32112122	0.4393158	5.385269	2
1574216351957	TYPE_MAGNETIC_FIELD	-23.971558	-15.040588	-33.772278	3
1574216351957	TYPE_GYROSCOPE	-0.5040436	-0.03265381	-0.26054382	3
1574216351957	TYPE_ROTATION_VECTOR	0.03138922	-0.030490005	-0.8824548	3
1574216351957	TYPE_MAGNETIC_FIELD_UNCALIBRATED	-88.80005	-144.29932	-327.7832	-64.82849	-129.25873	-294.01093	3
1574216351957	TYPE_GYROSCOPE_UNCALIBRATED	-0.5048218	-0.03288269	-0.26010132	-7.7819824E-4	-2.2888184E-4	4.4250488E-4	3
1574216351957	TYPE_ACCELEROMETER_UNCALIBRATED	-0.44262695	0.5362854	4.783722	0.0	0.0	0.0	3
1574216351977	TYPE_ACCELEROMETER	-0.033813477	0.30104065	6.183731	2
1574216351977	TYPE_MAGNETIC_FIELD	-24.665833	-14.347839	-31.091309	3
1574216351977	TYPE_GYROSCOPE	-0.63401794	-0.07632446	-0.22325134	3
1574216351977	TYPE_ROTATION_VECTOR	0.03138922	-0.030490005	-0.8824548	3
1574216351977	TYPE_MAGNETIC_FIELD_UNCALIBRATED	-89.49432	-143.60657	-325.10223	-64.82849	-129.25873	-294.01093	3
1574216351977	TYPE_GYROSCOPE_UNCALIBRATED	-0.5048218	-0.03288269	-0.26010132	-7.7819824E-4	-2.2888184E-4	4.4250488E-4	3
1574216351977	TYPE_ACCELEROMETER_UNCALIBRATED	-0.16729736	0.33576965	5.852127	0.0	0.0	0.0	3
1574216351997	TYPE_ACCELEROMETER	0.31155396	0.19390869	6.9564667	2
1574216351997	TYPE_MAGNETIC_FIELD	-26.747131	-14.347839	-33.10089	3
1574216351997	TYPE_GYROSCOPE	-0.7645111	-0.14770508	-0.18704224	3
1574216351997	TYPE_ROTATION_VECTOR	0.022794385	-0.019116312	-0.88442755	3
1574216351997	TYPE_MAGNETIC_FIELD_UNCALIBRATED	-91.57562	-143.60657	-327.11182	-64.82849	-129.25873	-294.01093	3
1574216351997	TYPE_GYROSCOPE_UNCALIBRATED	-0.7652893	-0.14793396	-0.18659973	-7.7819824E-4	-2.2888184E-4	4.4250488E-4	3
1574216351997	TYPE_ACCELEROMETER_UNCALIBRATED	0.12600708	0.2848816	6.558426	0.0	0.0	0.0	3
1574216352017	TYPE_ACCELEROMETER	0.7107849	0.388443	7.975189	2
1574216352017	TYPE_MAGNETIC_FIELD	-24.665833	-14.347839	-31.76117	3
1574216352017	TYPE_GYROSCOPE	-0.80659485	-0.18817139	-0.18702698	3
1574216352017	TYPE_ROTATION_VECTOR	0.01717449	-0.01304455	-0.8853586	3
1574216352017	TYPE_MAGNETIC_FIELD_UNCALIBRATED	-89.49432	-143.60657	-325.7721	-64.82849	-129.25873	-294.01093	3
1574216352017	TYPE_GYROSCOPE_UNCALIBRATED	-0.80737305	-0.18840027	-0.18658447	-7.7819824E-4	-2.2888184E-4	4.4250488E-4	3
1574216352017	TYPE_ACCELEROMETER_UNCALIBRATED	0.49769592	0.19210815	7.4107666	0.0	0.0	0.0	3
1574216352036	TYPE_ACCELEROMETER	0.9681549	0.75593567	8.6479645	2
1574216352036	TYPE_MAGNETIC_FIELD	-25.358582	-13.653564	-33.10089	3
1574216352036	TYPE_GYROSCOPE	-0.78208923	-0.24038696	-0.17106628	3
1574216352036	TYPE_ROTATION_VECTOR	0.011205858	-0.0076222443	-0.88608503	3
1574216352036	TYPE_MAGNETIC_FIELD_UNCALIBRATED	-90.18707	-142.9123	-327.11182	-64.82849	-129.25873	-294.01093	3
1574216352036	TYPE_GYROSCOPE_UNCALIBRATED	-0.78286743	-0.24061584	-0.17062378	-7.7819824E-4	-2.2888184E-4	4.4250488E-4	3
1574216352036	TYPE_ACCELEROMETER_UNCALIBRATED	0.9316406	0.61408997	8.397766	0.0	0.0	0.0	3
1574216351692	TYPE_WAYPOINT	130.32178	186.2273
#	endTime:1574216352044
